0 0 0 0 0 0 0 0 0 0 0 1 0 0 0 0 0 0 0 0 0 0 0 0 0 0 0 0 0 0
0 0 0 0 0 0 0 0 0 0 0 0 0 0 0 0 0 0 0 0 0 0 1 0 0 0 0 0 0 0
-1 0 0 1 0 0 1 0 0 0 0 0 0 0 0 0 0 0 0 0 0 0 0 0 0 0 0 0 0 0
-1 0 0 -3 0 0 -1 0 0 0 1 0 0 0 0 0 0 0 0 0 0 0 0 0 0 0 0 0 0 0
-9 0 0 -5 28 5 -26 0 0 0 -13 20 0 0 0 0 0 0 0 1 0 0 12 0 0 0 0 0 0 0
-18 0 0 34 99 26 -74 0 0 0 -41 78 0 -25 0 1 0 0 0 41 0 0 57 0 0 0 0 0 0 0
93 0 0 -237 -353 -215 63 1 0 0 -1 -246 0 -3 0 9 0 0 0 -314 42 0 -458 0 -116 0 0 -625 0 0
-372 0 1 -12510 -14054 -8008 9206 -9 0 -12 2124 -11237 0 3203 0 -1501 0 9 0 -10842 29 0 -9007 0 -284 0 0 -16118 0 0
-79331 0 -385 -2647204 -2974309 -1695974 1951335 632 905 427 452464 -2375132 -1605 676718 0 -316294 0 -632 11 -2294545 5024 0 -1901912 0 -56793 0 0 -3413856 0 0
6168178373 0 -5530440 201559344002 226596096850 129093272898 -148474639476 -6226383 17752703 -1782673 -34404717658 180974108639 -31590825 -51610544709 0 23993792050 0 6226167 215794 174620556144 -327531108 -182 144807567280 0 4389961316 0 374 259775966365 0 0
-327258478623294 0 292495053491 -10694056716699718 -12022420155408748 -6849253965966060 7877562059905769 331374037856 -939970544698 93440470725 1825398016148232 -9601871967800562 1672703919644 2738278353269702 0 -1273030561366016 0 -331055370890 -10629346557 -9264779331839263 17378882796045 178374446 -7683004057603069 847 -232917385432249 -623 -471487472 -13782840197019495 -46345 0
5077329010276708373 -101121 -4533739693472627 165916299560923940498 186525602398242461465 106264911149494721243 -122218909533693275032 -5147384909877570 14572510366742179 -1442629844171127 -28320711310254047171 148971248084776715774 -25932283493233868 -42483864624305985641 -30 19750838780461292781 505464 5140635586942646 160134599502551 143741348305010694689 -269636698048062158 -4353948975883 119200406976610135711 -19117342 3613675340589403914 5211139555 9344512517987 213838238580234180046 759780101914 -1718507
6120399824456184012548033901 605156088096737 -5465134598777252261840197 200001633003617208808436384259 224844847519434202576937766242 128095647132066259459131379803 -147327185788110099006001455275 -6204851805826199838397707 17566235191577993735891926 -1738994798857139010457046 -34138830994596915923015006411 179575442349837883048844834262 -31259719762217758854360043 -51211618883407304679447423907 -1034631814322783 23808390257177607651449611360 -8090512328012109 6196714742995505734864979 193029226973158519031703 173271128089628960672076976379 -325030034670889955977540339 -5249555401620387809305 143688571382932178624854864014 -92487645937770276 4356057673280152974994564240 6306023610413716160 11265537454864444731677 257768507565811500237538012143 916448188438042728573 30438145446703530
514712900429238143620010819880428 50895300165896557242 -459606457296259420311511129349 16819721515992046684181539130699453 18908984205714858036044289169045231 10772577602569748885683766958495614 -12389910019614771006945612090292123 -521815136484937896428657520630 1477283857976488432003482533791 -146245847067339215518095538804 -2871004709247813987746905532280424 15101921349715828078026663468243172 -2628877440496113263198968054779 -4306790674986387260865590902194895 -87013553768603114096 2002236121054792179038472929800603 -680424514030992448097 521130826416994772722232366245 16233356661713115583392083935 14571741627612812052610408682484312 -27334350152029296855326157268654 -441476696699970080222180950 12083910113113715266504597512589833 -7778251322489490537030 366335393725750797304594036755127 530323549404437588958941 947408279637392460625094581 21677795564656369510062826005909613 77071388190574218105733427 2559893017479408570552
2772140895962689411799305461884494392606 274111923141072268353957608 -2475348597746386583083425896715277970 90587661265729763843585289791749731583727 101840012896628608825566140596312922033513 58018951734280134098957639976152008692886 -66729581158795733509498348147255507917944 -2810392121075499184379718030567928349 7956355852412072133960149818870731771 -787650927695782181956193225431034209 -15462658037850174433178502987200363558523 81335932606792677438902590114988528333449 -14158608920032084164350553579510552338 -23195514529603046433847057045213068455131 -468637624399612076319798954 10783643910849990655271645489100518856793 -3664630554990647913469245245 2806706563703064652406124862864139591 87429617254891343185238377548018571 78480490497946678316478096637235619861454 -147217351377463179777695936742055552555 -2377705327602828149019788770308895 65081526769125437618440827067343757357980 -41892108342664885192454522597 1973009275149032724619865365394873917052 2856216733969818926196807668583 5102551801142464988599938182376192 116752277957261206681508034343594318894745 415091106000128842485178532909152 13787072593529390222052227249
1 0 0 0 0 0 0 0 0 0 0 0 0 0 0 0 0 0 0 0 0 0 0 0 0 0 0 0 0 0
1 0 0 1 0 0 0 0 0 0 0 0 0 0 0 0 0 0 0 0 0 0 0 0 0 0 0 0 0 0
-2 0 0 0 1 0 0 0 0 0 0 0 0 0 0 0 0 0 0 0 0 0 0 0 0 0 0 0 0 0
-5 0 0 -9 6 1 -8 0 0 0 0 4 0 0 0 0 0 0 0 0 0 0 2 0 0 0 0 0 0 0
-14 0 0 -10 41 7 -39 0 0 0 -19 29 0 1 0 0 0 0 0 0 0 0 17 0 0 0 0 0 0 0
2 0 0 -2 -9 -2 7 0 0 0 4 -7 0 2 0 0 0 0 0 -3 0 0 -5 0 0 0 0 1 0 0
2 0 0 58 65 37 -43 0 0 0 -10 52 0 -15 0 7 0 0 0 50 0 0 41 0 1 0 0 74 0 0
594 0 0 19537 21960 12513 -14392 0 0 1 -3334 17540 0 -5001 0 2329 0 0 0 16928 -34 0 14039 0 426 0 0 25182 0 0
34403 0 -24 1125021 1264740 720553 -828744 -43 82 -16 -192042 1010097 -146 -288052 0 133941 0 43 1 974677 -1839 0 808257 0 24490 0 0 1449993 0 0
-26560860 0 23742 -867947619 -975759834 -555896960 639356178 26892 -76295 7587 148152371 -779304074 135769 222243281 0 -103321297 0 -26867 -865 -751945054 1410496 14 -623565511 0 -18903964 0 -37 -1118638460 0 0
-732714628 0 655698 -23943274410 -26917392561 -15335017347 17637332056 740735 -2106640 210570 4086943341 -21497947758 3748807 6130824003 0 -2850228624 0 -740369 -24718 -20743214275 38908887 94 -17201724250 0 -521485325 1 -665 -30858845719 146 0
-1351799321947351 -134 1207072323622 -44173923213938976 -49660989663985316 -28292205395893001 32539833273321370 1370452048213 -3879815940624 384087975407 7540168929229378 -39662435162851525 6904265923224 11310998246576237 229 -5258507079536803 1791 -1368654832396 -42633941784 -38270015061760393 71788672814946 1159458351 -31736180468472161 20460 -962112930206932 -1392809 -2488195228 -56932766443862511 -202414177 -6738
-1391859697671160574982961 -137628408193 1242843737094230222668 -45483010984645540314682126 -51132685848532130336326365 -29130640775756473798260247 33504146485725616613638049 1411065192853099567183 -3994793723302685635591 395470368656115804168 7763620735547328415953448 -40837825643266304893370965 7108872842495408516321 11646198029659901934353932 235297500036 -5414342169767958270950920 1839968374997 -1409214717367666068608 -43897393821910492421 -39404141375585638950452321 73916119659937649417465 1193818186964588196 -32676677547226539526235602 21033540309399 -990625006546669105920300 -1434073197947712 -2561931905276923651 -58619960672518440920783317 -208412415885806693 -6922328779111
145901773788460096550671556824338261386 14426905883858351626072026 -130281167051054560888061311840193518 4767759272722060348837256107896535982337 5359986769033889109535207314134526767297 3053621114174586719782246836209332662612 -3512074104677954153226142902868766856051 -147914990938305769399499558573619928 418754484467134649803943382254398214 -41455204403321738495332085316394271 -813821995300593330646029240135172095486 4280827449049480401321337188026919014685 -745188009317401540734458623322437126 -1220813386048986866492122570719481038875 -24665074117803353333841981 567558732958902404547747595562833538657 -192874791837319643306957863 147721014737882307290876655802043606 4601546861385248571178312633739290 4130541412276369833861888947051683889551 -7748261543882208737678609271353959638 -125142060906341956302979997502966 3425334625056644717392546670756077039684 -2204842085708841993462482333 103842323947015648198505627236240867395 150326806410667956621178280046 268554661026943518522265514175683 6144840788076959366010252329140298233429 21846843620912271425557369689205 725633516563249302800614225
27566411032766170029650784561555585572218 2725792889276920444699008980 -24615082514109218840277245219248508813 900811610472236043124723905411661221889131 1012705977239209048962318474827970109965645 576945520166992976641147686587939112075686 -663564779462223354990969650654664817307577 -27946784554004671199089116100664307769 79118697058281771983834740887914548541 -7832469574264291962588112218175994816 -153762021169727910784375798931182484753690 808811613160658256966238719988650786157825 -140794442919631122529600280099711005893 -230658221077715168107912251253566377319109 -4660173441556815884443555507 107233496288161919058830588402218329413177 -36441406102132800685930235386 27910135049803301993836089921443097440 869407745182010527035507384779193119 780416847596124384670701882232518415473356 -1463942191804429648274189787471699544321 -23644109313114681676507469364998890 647176382762700971805769001189543223424704 -416578781866727752152036295686 19619776444057879920410245754886378553931 28402468504377451081498192919057 50740220481263621467105026138983162 1160994842603030971305496948727024604676687 4127702188842522126949594831699390 137099853259743383485233461816
