0 0 1 0 0 0 0 0 0 0 0 0 0 0 0 0 0 0 0 0 0 0 0 0 0 0 0 0 0 0
1 0 -2 0 0 0 0 1 0 0 0 0 0 0 0 0 0 0 0 0 0 0 0 0 0 0 0 0 0 0
1 -1 -1 1 0 0 0 0 0 0 0 0 0 0 0 0 0 0 0 0 0 0 0 0 0 0 0 0 0 0
2 1 -4 -2 0 0 1 3 0 0 0 0 1 0 0 0 0 0 0 0 0 0 0 0 0 0 0 0 0 0
2 6 0 -6 0 0 -1 5 0 -2 0 0 5 0 0 1 0 0 0 0 0 0 0 0 0 0 0 0 0 0
9 11 -9 -15 0 -3 0 11 0 -9 0 0 9 0 0 0 0 0 0 0 0 0 0 1 0 0 0 0 0 0
-26 -26 5 28 1 -96 44 -91 0 -25 67 0 -165 0 -29 -113 0 0 0 0 0 62 0 204 0 0 0 0 0 0
68954 -36930 -81806 -31934 97 -67455 25797 -81447 0 -133486 35764 0 -41126 0 1481 -58672 -97 0 1 0 0 12 0 48572 0 0 107 0 0 0
1208037 -658068 -1437404 -552447 270 -1196125 458988 -1447194 0 -2348693 637953 0 -748996 0 21924 -1046690 -270 0 -2 0 0 6818 3 880377 0 -6 131 0 0 1
-2050573 1176520 2463759 893867 9376 2110187 -813264 2568983 0 4046970 -1147210 -57 1433558 24 -12714 1880029 -9376 0 1529 49 0 -50298 -3145 -1660761 0 2464 7954 -833 0 1141
-5642899963 3227758149 6773954409 2473401925 21524674 5792982964 -2236547716 7048440587 -109 11120031057 -3145937788 -678 3909447895 -1187 -40548451 5154919961 -21524563 0 3125357 -263271 0 -131137532 -3771841 -4536627084 0 4200442 18876443 9490 0 111223
-426018050976116 243683821157666 511408486453033 186732662025426 1625038406753 437348806814902 -168851090234220 532131226510651 -8207568 839521199422821 -237506689617929 -51175297 295148929630426 -89642329 -3061244240029 389177426099102 -1625030048829 38 235953632000 -19876000399 0 -9900419874852 -284761218362 -342498638581407 0 317118914715 1425105883710 716244926 303 8397194665
-57923081790469100216 33132206190763737364 69533099647005006005 25388903660856483080 220946583467827501 59463655713031530399 -22957655171687450536 72350644508087470640 -1115930011046 114144588450089362339 -32292339207604997379 -6957992092714 40129603798646556171 -12188125757260 -416218747720511194 52914086233562317933 -220945447094874781 5083046 32081179515248544 -2702418817166011 3661 -1346099842845958182 -38717250071036214 -46567455570883368688 3490 43116729111245356 193762974905940677 97383431580432 41321116 1141715496372007
62991812018133985155582811041 -36031537680684272475979706413 -75617798753294641888474424045 -27610634609126400654785978458 -240281166361290473122383479 -64667198408677518880828887676 24966632545266813828772560344 -78681901193216436675142545069 1213582760245428948634 -124133147551524051704731008981 35118175658360422085526793016 7566871726773671390235 -43641263218534064220181070879 13254683673979412435175 452641197677911717270188179 -57544489521348977081747203951 240279930546668606772389104 -5527852941158265 -34888537813902476066673478 2938901951746630676598526 -3981337094262 1463894282505951362649220578 42105317309534099846787417 50642478210932481474524138968 -3795475192020 -46889785747885994937355511 -210718775901833451807488393 -105905256180701482953093 -44937042152956615 -1241624680568875301495595
-20547741342718909985170490868338059427 11753380204874799131995935431886418100 24666300585878882699100254983032236191 9006506720164332707055320017782123260 78379000345271618222738298468614026 21094247390077726163246929513676999677 -8144041126982764640264686121504290987 25665801669686124345169369367941950011 -395867079491653351638908894202 40491862771180459980601870919475420908 -11455444235330529375008688576347687144 -2468291005353493293581670060279 14235649995682001435421248639001510419 -4323638310866233758239581532734 -147650209653704557027349501466844386 18770840979190872052164671533956716349 -78378597226225124535881902511775351 1803169154473749166559329 11380537054869312824628774868743660 -958661057705677570151919069190257 1298700294376068871441 -477517952037291274277164641419863077 -13734629017821370315503475605749855 -16519425460136881173563766653019662043 1238072695789892967408 15295308363025087889972174785117719 68735836683643419263511090304222198 34545978931499556813154640211453 14658329222216935938497400 405014270326446820195927133792983
1 0 0 0 0 0 0 0 0 0 0 0 0 0 0 0 0 0 0 0 0 0 0 0 0 0 0 0 0 0
0 1 1 0 0 0 0 0 0 0 0 0 0 0 0 0 0 0 0 0 0 0 0 0 0 0 0 0 0 0
2 -1 -4 0 0 0 1 2 0 0 0 0 0 0 0 0 0 0 0 0 0 0 0 0 0 0 0 0 0 0
2 -1 -4 0 0 0 1 2 0 1 0 0 0 0 0 0 0 0 0 0 0 0 0 0 0 0 0 0 0 0
-4 -4 4 6 0 1 0 -4 0 4 0 0 -4 0 0 0 0 0 0 0 0 0 0 0 0 0 0 0 0 0
-10 -17 9 20 0 2 1 -18 0 8 1 0 -14 0 0 -2 0 0 0 0 0 0 0 0 0 0 0 0 0 0
48 -26 -57 -22 0 -47 18 -57 0 -93 25 0 -29 0 1 -41 0 0 0 0 0 0 0 34 0 0 0 0 0 0
-5537 3026 6592 2526 0 5495 -2110 6651 0 10774 -2934 0 3458 0 -97 4814 0 0 0 0 0 -37 0 -4061 0 0 1 0 0 0
579001 -316003 -689166 -264367 41 -574090 220348 -694746 0 -1126285 306409 0 -360581 0 10268 -502700 -41 0 -13 1 0 3653 16 423603 0 -19 -13 0 0 0
3535899 -2022625 -4244655 -1549819 -13493 -3630046 1401501 -4416767 0 -6967986 1971361 0 -2449890 1 25380 -3230258 13493 0 -1958 166 0 82221 2355 2842900 0 -2629 -11834 -11 0 -63
282530724788 -161618161998 -339164541064 -123832287790 -1079200468 -290058015779 111985942022 -352921934250 -694 -556771177469 157522330944 30738 -195765555807 67471 2026288290 -258115025518 1079201242 0 -156696616 13185747 0 6572083215 189190532 227168156045 1 -210623471 -946353564 -413584 -99 -5646085
6662587027717930 -3811023198189563 -7998026242316165 -2920351853797215 -25414325170737 -6839791160955966 2640698173177656 -8322113620257713 128345467 -13129450851343877 3714417724296312 800333785 -4615897027534466 1401953484 47875441644305 -6086428687620211 25414194474080 -202 -3690129598866 310845010163 0 154834789239070 4453442140046 5356409211579562 -69 -4959490973930 -22287537275203 -11201355404 -5292 -131325705083
-18584977548339094486261 10630672421915110147028 22310123285233136687454 8146186113177620822228 70892072144640767731 19079280179990056342437 -7366105061048744860600 23214149907539918837562 -358053017375077 36623994235720448545536 -10361195927517572174193 -2232514618242992 12875830542294698172122 -3910635217251376 -133546348752137444891 16977810472843775493126 -70891707532379605196 1630929184 10293444039660174280 -867087722040045307 1196085 -431904425382685218706 -12422668149911703451 -14941454934991332641455 1053864 13834268096932628386 62170043910150299290 31246073821428245 13258167143 366326448984836260
5802213093423284051583232721685 -3318886264882427575716020315470 -6965200205637936231227206844030 -2543231898150196901258156897292 -22132440469614504663096178847 -5956533925612655194397000092081 2299691302913026724876582039376 -7247436495195480640606964854584 111783826434802537423465 -11433977702434623481092674098077 3234755948335296074122920732287 696989034014475755827047 -4019822588802730666689968012516 1220896759410690754012735 41693048662158110920486741964 -5300456993664693977621073211194 22132326637998135655331489193 -509173806660343927 -3213603870546585654885214005 270703998478446734724591218 -366723316132923 134840168923832915429283997436 3878345701911082249520909381 4664708646169537967332188880006 -349603467546440 -4319045921966415266017588504 -19409431184735160452427399219 -9754995838143477671269751 -4139177553496696618 -114366784315401267055506990
14377262598739923560822113209095 -8223844694647919697305628796933 -17259020100926937308962039083089 -6301856250443936125647401366871 -54841816985885185765447767299 -14759653092353048432476324558384 5698388739892305482905104275138 -17958371397497249301081416750194 276988349284654055187542 -28332172109013404449676194889251 8015378781032260640555012351162 1727064175189739444013343 -9960689831449317559531691773315 3025251405518752515876595 103310909045608117752994632184 -13133964724188295662187338595527 54841534923331772949243198487 -1261678157779743486 -7962966197767787563871811581 670775514443794116838626993 -908701099430385 334119496520009808873591482244 9610125258631573418825471981 11558648411002000144240904918048 -866279948256960 -10702133202676203459384784671 -48094491626206034461750484347 -24171834876863644748643262 -10256438650432463027 -283388642264749109899484154
