0 0 0 0 1 0 0 0 0 0 0 0 0 0 0 0 0 0 0 0 0 0 0 0 0 0 0 0 0 0 0 0 0 0 0 0 0 0 0 0
0 0 0 0 0 0 0 0 0 0 0 0 0 1 0 0 0 0 0 0 0 0 0 0 0 0 0 0 0 0 0 0 0 0 0 0 0 0 0 0
0 0 -2 0 0 0 1 0 0 0 0 0 0 0 0 0 0 0 0 0 0 0 0 0 0 0 0 0 0 0 0 0 0 0 0 0 0 0 0 0
-1 0 1 0 0 0 0 0 0 0 0 1 0 0 0 0 0 0 0 0 0 0 0 0 0 0 0 0 0 0 0 0 0 0 0 0 0 0 0 0
0 2 0 0 0 0 0 1 0 0 0 0 0 1 0 0 0 0 0 0 0 0 0 0 0 0 0 0 0 0 0 0 0 0 0 0 0 0 0 0
0 0 0 0 0 0 0 -2 0 0 0 0 0 -2 0 0 0 0 0 1 0 0 0 0 0 0 0 0 0 0 0 0 0 0 0 0 0 0 0 0
1 -2 0 0 1 1 0 -19 0 0 0 0 0 -17 0 0 1 0 0 8 0 0 0 0 0 0 0 0 0 0 0 0 0 0 0 0 0 0 0 0
-7 92 -13 1 -101 -20 19 395 -37 0 -3 26 0 243 -81 0 -194 19 0 -58 0 0 31 0 0 0 0 0 0 0 0 0 0 0 0 0 0 0 0 0
-3062 8090 -1594 -117 -5855 -1542 16 72020 -76 0 47 1203 0 65467 -4712 0 -5066 1500 0 -28355 1 -43 -172 0 0 0 0 0 0 0 0 0 0 0 0 159 0 0 0 0
7152 -18969 3731 257 13728 3545 -26 -170234 121 0 -111 -2915 0 -154964 11041 0 11749 -3734 0 67219 -16 170 417 0 0 0 -113 0 0 0 0 0 1 0 0 -299 0 0 0 0
48511085 -129754949 25213198 1720958 93331800 24459166 -297746 -1154841830 1234785 0 -682344 -19513324 0 -1051115871 74708595 0 80239606 -23843232 0 455764883 -14245 622126 2431564 0 10 0 2704 -27 0 15 0 0 -22 0 54 -2331494 0 0 0 0
7024602324900 -18789019330607 3650959240021 249202743913 13514769985790 3541751412358 -43119732110 -167225592083232 178813401064 1 -98818386487 -2825658846933 0 -152205670903802 10818084633774 0 11619029846284 -3452640096714 0 65996527169928 -2045414732 90070888086 352103034414 0 -43849 140 368922857 -1127693 0 -6292964 0 0 -8619519 0 23428146 -337587393058 0 0 286 0
2885722163806695 -7718570675377052 1499822126356229 102373038012070 5551897385192727 1454959309732050 -17713681426423 -68696642888434602 73456941095266 13459 -40594811876608 -1160786900789658 0 -62526426065153450 4444093081544504 0 4773123146147900 -1418352183880166 1 27111519249594975 -840260605338 37001319571410 144644704867682 0 -18125194 -16867 151554277883 -462892304 0 -2585546541 -2977 0 -3541114763 0 9624514580 -138681647232705 0 -1515 163532 0
-1121152629011292065799 2998797290133501477231 -582706658698931496863 -39773683740563365387 -2157007499720981843707 -565276683833459259812 6882069503598255142 26689825772086622594930 -28539283393378331652 -1822958 15771781713650696203 450985649920518823478 0 24292590549731712348117 -1726606498868600110835 0 -1854440330760263084724 551054186636812041812 1873 -10533290926066785490849 326455682485776574 -14375648235697027637 -56196952416583661142 0 7045453493870 1629770218 -58881434838818531 179839977188058 -1126 1004531799009633 -162705 0 1375782596696382 3413 -3739288189362216 53880202104335974393 0 2459158 -61247236417 0
43144045097005824212018041662636 -115399315110552668915986676211174 22423639485555781921992360625671 1530565563129611865305133339161 83005673299459848871878618855687 21752901530547126171438800133249 -264834875592109191707156990291 -1027074295635920728936784207708562 1098244875763246858516781782071 70302504629122047 -606927588542472923241532600753 -17354769292591449964339174662559 -34621835705 -934824211334179026449538558631098 66443039711428924759528921528401 -6896881 71362324084798056594878005865642 -21205593300992945094252457577756 -164478863309640 405340688657949445724761680677497 -12562623788128603517337428926 553201767297785285193874957094 2162563585578458886326918916516 0 -271122196260735280968658 -62716527916997224879 2265867478099204486626028960 -6920577881614593827424954 101566361027117 -38656257958400303717811725 6386432492665216 0 -52942681361633946134990073 -302063049285571 143894786577563827631376635 -2073410710792567872683009039050 0 -94467057682621248 2356907764068014740965 0
-7968055220557097331807491075914601486424 21312515160502790640185777983508646352210 -4141308430051979940642052862608518489862 -282672403532838607613157003757605865734 -15329897486026833376106010349304695936114 -4017433233555779934640788052988578234141 48911012129313373229269896738758495250 189685150867083448775731221863059100002465 -202829284924484895810722090859852616284 -12983813575297852373805254 112090383029976936929716490760926429061 3205164461340555471220850751370213167923 6392013943819550698 172647949923949405974129955430087373220462 -12271028556825687963321028810600492670353 1273313116710585 -13179546277973469766236402945453476215721 3916353648042929986158246195488747237153 30376758905503099295045 -74860319265458213769873783209409349430279 2320127374098256880615636433087393459 -102168033155621738765063191839047410842 -399392918051881209841986153830520858744 -21648652733 50072185546509710386411562110026 11582797963435096197913672326 -418471590861838038899425812543534373 1278126485239977579070591999525512 -18757774599959932942839 7139228538726181860888807091459563 -1179477881138684679321607 -10731878212 9777715734937763145528982828492309 55786497273466237484906 -26575199493287142264448470294566756 382927725050896427714764439437701495408 38461 17446642534720387074524504 -435285360276930325295591073145 21
-1118466657958580022001127273440702706040771243523192088 2991613002726216839186793267754298488842521078224548332 -581310654999713374423884927084319204640976586869485588 -39678397014722041154220622233178621919701954256694751 -2151839907410341181973480471759529394846306716018862697 -563922437524561351953583776911134722115771621724583268 6865581971935669133864064600480485704858188570647236 26625884344692413321181256752413382054770460870809346354 -28470911177966980833551980337804934979427633476253917 -1822522833382937584731535806161494551985 15733996894673888765693035445306764942472702083860141 449905213261378783769813180213357558950096634624394577 897239589364655605144594740378407 24234392233709828221069227494539068240520438978768591336 -1722470028101479587294518057323605563888889691262472396 178733446070192079660641781097 -1849997605551835080697961092968111696886376392094641426 549734013490460412257195424069056475700944734971771632 4263950370918329031161048536233776293 -10508056079548020553561971502896598615830834443434643195 325673585124132915683421928768797710981315344064471 -14341208165695944258178761857710116032857498731357358 -56062320089516200989573649519141810759323767107590701 -2628308848919997321266694 7028574536029762905643867924765675395609044615 1625863898953618817639823438859538703497086 -58740371235670997638202896685563340218931663105724 179409130437069904253436454068772057009047828699 -2633007037097014188605556487669404059 1002125219151444112145432137872296155825055334234 -165561940440573855622779129159797977737 -1309771387090494938862081 1372486602792425475735763874031542053703391537298 7830685837062851075614538721320824863 -3730329890931812899203221310180925994313638100518 53751120069096803258768923293383886210992548500226911 3905139312384650019208 2448964951706517961847459831377845744963 -61100500522534754565787047971604658537923887 2214216149360476809
71171221852865079654738823222947700946476398141143401275008896711246751832 -190364863538764828769232823128416832243263857089473076776012258321135972373 36990454116828091789164750136116433036118461164549287923426224687084072675 2524849513042364724985905670798986062790503097711925051137856063066119942 136927707547113654432638230401014204243836892262810019508924677248852178142 35883992270384977069900149376627752360353249632128173537357003851034302594 -436876552552324575664831194184863926183800146011506963258537423662204943 -1694280923119845005320335136861927453156231035142923544666107467697379331199 1811685240129298709979366467108576852435849875053045245332227754584545997 115972323344316340826722661870382313829194179195207618001407 -1001199075229469396310347607037513733948700390395964035411377096537679522 -28628751262223114009945875491187744173995784574513186154818680035135487277 -57093912827404369642507138618857374658221349834298249 -1542103462684165761226683792907782267515992939047959124341937934163178744181 109605678124256625475959230016425512739046921736811562668300434404571563998 -11373318687931615877922322477689969338522095162976 117720621419610366474744953848913924492224827789623312589606685314256790945 -34981142402230108092899945531031871217596296449827976190734052192917596843 -271327317322205873640420559841712431721939758330620014487 668657563601288522096857828786662376436864188642352867016688209472839186178 -20723538617407737520065609107228053554115313201459760194594631171058184 912571957989171477480273492533796589644267368610300329001755370243177198 3567405243853996279965602637534045022847480319891231036969122715369701649 167246784562854534569626391764061468617715858 -447248234047668421314499019069495728152898367993831228592321385160 -103458354731999047293588513133120174670379121011377784066385763 3737817272590002730553435356914600942951648913066319763760626302683807 -11416314410365887331417246375015485224646040904640787039595378277725 167545743669657332511396634501681013874040990312417605607 -63768084447645411066980637891754272050331376354987243690177496913975 10535178236777875963983894377042762413651807665551936891222 83344487118904368100435996341652710961243985 -87335235075950069126348739982248965959100912219659214002801625588494 -498288862706828922477270563733207068729277288406927346743 237371524991596105934673075404318705394298127730827518047823682393161 -3420336998029088711191723465090699571229498700254873653632051667883541154 -248495146806916753593750915898710185205667 -155834621128464852450310476838859450115081146526826781709813 3887999027121164819417800459539417879118108310946583466453766257 -140896885634658985262294462329283744491
-765324144568762042513419519800563989378664842669271443096557133139602278799051172262 2047046861791222145334026811662169508805868449380722645186750560814988903311638867084 -397768745809888922677967524883807972287889961972045549215067908306575883739757750133 -27150416185474200622170826298391158058012903859146871713788032036737488832839462801 -1472422109921073010779352146571697678382385387596840383927255139002734544996486990342 -385870650707943434204463051862141027166064550207146151223479917257247406656185568062 4697856312702855316995239334382129829914136458043788693017580171131426823801228549 18219078784772454409960233184621038527404678832050830612564049934890262447835346975444 -19481560391027508540430082771233374654220301089609380825282287459967630001739452084 -1247082976046557563017610662129354045253013480039228896517649361362580 10766174948873430806360355673034883080334147980654277101578153068800302876020045591 307853005743370526745865683976585389924375424783085991520292131823810632916312170763 613946885512935909818662411729059630573184492235717609255125464 16582671797530399475358557223867707648974367217499233896469661075593316995914934089507 -1178620651247803958295997805995860169437245202849639402883330378524396571623235107179 122300491253948851099505018975052906298961632197375899100087 -1265882916445104338632184956347487116958339817375679145894500113354321026291501040013 376162052414547284129752340354313759382633068877193365696279264629526512559959464950 2917658874215251884782827524842185169317659145468723742474411173523 -7190262644788190633977533359349868835241699069549267696889493019690481444333473716719 222846033156402958858683449118967649296903882365124570592411709091711626575456249 -9813142656864299396076275766646316681430590588382327379122913518610544794235557506 -38361310871224946457836928562075722300782225166728753426237265350514601702652819730 -1798451663399256034930431737604904064435927358894212490 4809385917808885208859463573812971126061761443577429105938800088207155082821 1112516755683199730102242828884381181154019013337738008764485009034946044 -40193799294512584690343289634278252300953241664423029765247557616518827720777342 122762836337192635199710464996418566296146125505288827676968759943903794170968 -1801666454669074341003383258191169898266672419486234474945750115781 685716128094239984871736763222970342769542435386694792556516687176853437740694 -113287731502067620577301790040544377641899064454942485938189214875648 -896226686126928304461412291034947937966583676547336441 939140320133797400892737799244666687515881775380714583306448984079629829675184 5358240137953924624939224823366481164125880727288807224847265114838 -2552522699199137460124944109009993137295374375788942605885826837114598482394267 36779844704157241854486679216792388571163431287635244784574488221844042508174463008 2672138129828055163354032903899554830191798793800197 1675733463672977321372434076630633419577370244256474051570047069458038 -41808745895457731704015183521090572288730457597639626047827439021676996979 1515103797061019430582261734883253006768330109086
-1398838124761253128436068668592938869632296004508195959673435481745992464558036553471509824202 3741535157054182933209807354323601483679717812500810840742758256300470076471089187321218823026 -727030618890070144735152497007981532544523328397489739633011206191151052538262086988180685830 -49624773415160437720854510293212243208399695684040789320965761093178870320385224461718904173 -2691252063215085862532004326732404523844765197533408752395187506261762819105279770491191180896 -705283612528452463680338565827789055776816950552193916198343142365342153040131416579688222906 8586610734151017528376634063035597805867972933557716282814590099644135260250712988931025786 33300324030060484154985226619020876426840278010607939985321371054954417006421103460421758467810 -35607852696406805433868266797254233854771072503279380963690041413519725965384378411787710431 -2279383479555066188453197996507843693666952807273249364540273408228631209631313 19678114277734749936643784440032063206805874574007499179005292711007238197510916258862857693 562685137156913958393760561802649572532355431080871432406843638629327270530035910546938108496 1122154992925047282084168159032571851560937842374099181699759656845123434 30309344982000120539217537287430889140621339134098913535295876082332340758131102508957093447793 -2154249951862369839776828030333902192738363313704433169027851295135120557381928428629159437391 223537426667038805286907076157076223629312995791756195553036773162206 -2313745486241193540345658149504484994580253606114309937795826670332892307454644156091923364337 687538507363311050443326632145210687314787515582000333616024305726396279051934897079431306040 5332815509956247796897852551772737676561205793481777799198675760515478686091 -13142161508890850140971785892241656251158757534394463641591803897950386220697182579551719880713 407311763705867461555893499640997932311449625499506972616821158663647232128852942791663750 -17936188436701527434034689819064226268295962667365810907871463378120661761697482428168561907 -70115734023685275896732607602391565752540513754188593321175197846319813327790203960439810647 -3287159787335234017246336026313198084858891543928166742089553279 8790461435542112534171311469319259095756254281343976523700510653016952839124881367442 2033427095341740795029995308393801138826629912607550157683029139852691775180176745 -73465105251379603154231702372020572168657634560348535791645545921993675119751782228317289 224382488114305365783177142943570299869669439627352790768199176361561389046480655216280 -3293035693150155615755911038829374731958774040787573750204138201377641982950 1253332812703013029303466035455662217320331468930314784702316163429846275321367436270949 -207064155779512922744533624310133107051924885376053611697169021263067059500506 -1638098139043025592170230595217271470035909727501285589090904010 1716534482319094892940753703382082721395476680458796065532179047860211201281426464756455 9793641870294496334252434569640334851592715940261679892797389108371071652045 -4665429793764267103279048172554962667350375601470196018596893039590042074957281541298463 67225174274311533561913718415413307987396936456728590303066890665452487027749001565885490818 4884059541513498831458803260389406373863816043962773728855443 3062858884773337573073045871923303111547905267549578177445581160326963042701286 -76416859603946877437390399851879907200618160598289186003633507937636421629796307950 2769264460477334853845137647822198541624305863710862921325
1 0 0 0 0 0 0 0 0 0 0 0 0 0 0 0 0 0 0 0 0 0 0 0 0 0 0 0 0 0 0 0 0 0 0 0 0 0 0 0
0 0 1 0 0 0 0 0 0 0 0 0 0 0 0 0 0 0 0 0 0 0 0 0 0 0 0 0 0 0 0 0 0 0 0 0 0 0 0 0
0 1 0 0 0 0 0 0 0 0 0 0 0 0 0 0 0 0 0 0 0 0 0 0 0 0 0 0 0 0 0 0 0 0 0 0 0 0 0 0
1 4 0 0 1 1 0 0 0 0 0 0 0 2 0 0 0 0 0 0 0 0 0 0 0 0 0 0 0 0 0 0 0 0 0 0 0 0 0 0
-6 -4 2 0 -2 -2 0 0 1 0 0 3 0 -2 0 0 0 0 0 0 0 0 0 0 0 0 0 0 0 0 0 0 0 0 0 0 0 0 0 0
34 8 -10 0 16 16 4 -12 -8 0 1 -10 0 4 0 0 0 0 0 0 0 0 0 0 0 0 0 0 0 0 0 0 0 0 0 0 0 0 0 0
-1 -4 1 0 1 0 0 -35 0 0 0 1 0 -35 1 0 0 0 0 16 0 0 0 0 0 0 0 0 0 0 0 0 0 0 0 0 0 0 0 0
-2 6 -1 0 -4 -1 0 54 0 0 0 1 0 50 -3 0 -3 1 0 -22 0 0 0 0 0 0 0 0 0 0 0 0 0 0 0 0 0 0 0 0
-587 1806 -299 -1 -1214 -300 10 16041 -19 0 -1 304 0 14801 -912 0 -966 301 0 -6493 0 1 14 0 0 0 0 0 0 0 0 0 0 0 0 0 0 0 0 0
-9951 26616 -5172 -353 -19145 -5017 61 236894 -253 0 140 4003 0 215617 -15325 0 -16459 4892 0 -93492 3 -128 -499 0 0 0 0 0 0 0 0 0 0 0 0 478 0 0 0 0
-5816206 15556868 -3022909 -206334 -11189914 -2932488 35702 138458874 -148053 0 81819 2339578 0 126022731 -8957121 0 -9620284 2858704 0 -54643579 1694 -74577 -291533 0 0 0 -306 1 0 5 0 0 7 0 -19 279515 0 0 0 0
18626692989 -49821652302 9681017333 660795129 35836259429 9391437857 -114337863 -443421509015 474148172 0 -262030457 -7492620564 0 -403594135512 28685629713 0 30809445399 -9155147024 0 174998810304 -5423695 238835266 933649311 0 -117 0 978249 -2988 0 -16689 0 0 -22857 0 62124 -895159104 0 0 1 0
-440772427518787 1178953807899059 -229086586286284 -15636714110150 -848010705435067 -222234127366555 2705632045950 10492897212389819 -11219997077507 -1 6200553191721 177301497180544 0 9550442848060562 -678801902776755 0 -729058778552541 216642663320956 0 -4141081322119709 128343509994 -5651674184265 -22093394329066 0 2769865 641 -23148777694 70702687 0 394923856 0 0 540878217 0 -1470072040 21182581980541 0 1 -24079 0
-18141889503363748747 48524926644970368465 -9429046091889273323 -643596381876537844 -34903536508115196203 -9147003602870929446 111361951315097416 431880421533889780506 -461807351140447536 -29560 255210498299908066 7297607494954492732 0 393089649080466419866 -27939018745277722343 0 -30007557134217064906 8916862794272000064 68 -170444054754620721350 5282530465655731 -232619016432431555 -909348892190112834 0 114005743214 26372037 -952787744508319 2910073891896 -42 16254793886805 -2684 0 22262174840468 125 -60507152547490 871860483311523334 0 39725 -991069804 0
-6257931729442483798128326 16738371053584325177831034 -3252490690447043662404355 -222004561231221264810565 -12039757410240509009099281 -3155201891463256865480499 38413611132300388282932 148974460060558253458164083 -159297567932808555609059 -10197195763 88033270994275427446935 2517264228912074246008556 5020 135593824835056939682258556 -9637390408708201581515518 1 -10350919835470128198100650 3075816253704645425817719 23857224 -58793614532047839182609834 1822175965003217422637 -80240480107339820334136 -313674233574995494063963 0 39325570671952031 9096869547803 -328658194984431221640 1003811854314036145 -14731935 5606989856316813099 -926335455 0 7679198480110181973 43813463 -20871565209067154534 300742840548699055708635 0 13702201462 -341863352102668 0
6061559660003297829996501769291220699 -16213125859973663304622847427130953297 3150428482783478418298593949649229306 215038122957565425882362840341067853 11661953340076046708985871256233000292 3056192577889253896617779665669357877 -37208203237357754672179944662528830 -144299685026174258218095800376393175197 154298856789249661576433179805327850 9877210739953984410813 -85270812669057065650207838609783968 -2438273212817889476520270038276743626 -4862613705604181 -131338930224947987136448849802463855751 9334971913209530647671645749858253002 -968650642273 10026110995014549498136590385950329279 -2979298038251298518620145523810069191 -23108591907235735808 56948688084360847894300898987071658873 -1764996615563125987513891392466914 77722557283519570969776214789996079 303831227764134708434980770563546042 14244190 -38091545753080604946552171815 -8811412439008890301780733 318344996842049117962353671736383 -972312531585439469310484926279 14269651336502439159 -5431044152686142592950144462261 897267318847171122619 7098341 -7438227475252666014779205731530 -42438609181908345737 20216621590354239147800383048332 -291305618073146646822937691723701459 -21164 -13272230382906853891379 331135779987750627260211487 -12
2093992629563106492063309261472405090907618222 -5600896131895100859096000966192312088271327395 1088329471776690360374390934344156941320449742 74285871921613993070009222379455633730836885 4028673428979301321259640992188885514553931188 1055775261085541497764739658707809913251077290 -12853738593454818371910839226893387088103224 -49848965256727715653011735009166698501007552052 53303223425920433947959306124131000292511624 3412126193622904642791493942255 -29457179877986174152074690393260948576555637 -842312279823216085615349315816117643095457259 -1679811439807260504749275 -45371615110952248446421507305541467103500707792 3224807389494329142639989241800768370223141348 -334624654265963233634 3463564446172698123962419645840181948253677264 -1029211701822406388651624867956666179021941204 -7982965416083515776871510725 19673176509142045275197365209201594026349961699 -609725897540865378926460239167914001769491 26849601625862373505440379788818873116748451 104959843217786860346116324250803390331775533 4920718305451531 -13158893177597338325064940263487132749 -3043941450427834856058990468009841 109973689023326150051662536852220219189024 -335889670146486312778842695890760984765 4929514250636804406996157144 -1876178255177051584808105998816864740656 309964969051018784954616186578 2452153232699868 -2569568623231929507697223937780027069393 -14660605491058864582720245640 6983921462359262393834328575184904415256 -100632815877483663350756881058234310390491992 -7311199560008 -4584950764908475444526444477639 114392321707941910252296532127251733 -4145454193
-2978777498463389786733412521097927120684340597581728765230424422 7967469958287628022380853868984225567093098039374238722393364448 -1548186605661236145471519728714712732661935864575069460397686177 -105674241928924786617234748523391316962699812963413928932150964 -5730928365972661232406942488869931876100718493777918530916245539 -1501877106325862234401549925113405774693584846960921203263838285 18284891146585470296877468307991488140413556641291745853913312 70911890487123996452973251820847787734019744060590870210872999951 -75825693125685060782438739908024390219597228969657492174503694 -4853868434867446254617358302776404206220717257503 41903865061378599037145861572773995740636935424420419275813837 1198218575554532070288032888726287117923663839272274501183050535 2389590320383913199837087652137021204015269 64542703853568177254293799609503206942920034084413836926712976764 -4587400907284175938991286531414904636063365123255187280318561737 476015233523773481489998932205404897963 -4927041141921133730015940654253726491133789066615113668427341070 1464089517441829362573457464030948572028705975348177846389701237 11356046538426637984393247156583079130486089563 -27985779262727238009825297247449564905102127491281408290625161816 867356340315326914007417787045175971785097432543144677324347 -38194494114581392166480255663065764074334439125898315985782417 -149309035192077481416470890884292565652859150075851651299638012 -6999893293614012251118057379224485 18718984178224432658698959030329929132515619262964768540 4330112805156456780288537687035184057869820811083039 -156441405600382868430137485319587872724231510525419802095946 477814762704010950939896982447164873214955236207605141761 -7012405832209259627909437384043066258907261297 2668928959312403522556716003806168920991356300749897168950 -440935971829909370316043094414047004741024598984 -3488273439565376591340819377920767 3655300924931049424287790901654389824490504294752495745164 20855222284008932775843054779183334809841025773 -9934871694105142878642988540828539209752626906428191905232 143153687988577398793946993102080496085345421001457867756484948 10400436194787657861513875878637 6522252264527503954143573712181617028367449107752 -162727064598931717252379866683645620637434090469596219 5897053072936618197018893217
-8795398625639380593779049074135035955667229075618477430510309429470348384864782571 23525447723804647973698648321767051719562370997428202775981851334025422475516254128 -4571310999458824048011399657711387966154397160461620337375375754671735882589673112 -312022996919577309595625447149105217629353519504205258745044475535557997536322702 -16921639665841322525228018437821767817681675477974792774927030861453961370186136007 -4434573526781355622282789355271503191291963658995430098155591565937102476550505485 53989566707686103801137116540668404905921223323561359563770118972924925259550501 209380641707437731673681197245403684650054877732230385868629701405000031888282329486 -223889564578030686769227555312083046027990615840945629319053749549346163107352397 -14331955905766757654111940180177914494530784447968205917876375991054 123729012106459999909523996562919399974501379716160044388391603351060050387109393 3537964825531406952326721654363401837514851791157974002490095843994964030260267976 7055713100621888717836985514406015190328275479300654074898056 190574424931557226955490672555773527326411499513351184263575832514306629885902031796 -13545160609007460539164500934371847837906495461277467550318545753715092287515873776 1405524156429323392005312794602954795287294456956288740991 -14548012031941441691876980913877612355064499522413599028348436614435336152631270951 4322998591255524692707381318585413556648363141221270418786488438416663458229883920 33530854912224344143767343468375830073105991959927897636036096873 -82633256291150759892773074256823880017709831895027924064867875569066957600357667524 2561032090340529725464862024586594893693555977511266939204151677090908856632283 -112776399451007654868337225293574594291581289702705414846615547978819460818654009 -440862898823888196921280418269219369140025961598975540995332725646976857742519501 -20668496349940344033369447673694001401328858185520184 55271307709102455988386775041246043775705182283290409893047712508315632263 12785469285632399753731836731762190526062988455322466078370368399549586 -461922558673984646609244334067911455549465072040695286872164064341132634721261 1410837603468191953687570806268703163959805808687084811901800985959082812847 -20705441964314250608165319827657286210781247508131084187023086694 7880512764976482020204710658353133969301960465854831815888784564841181783641 -1301946064326165056841376526245172292950716969494839373209198001023 -10299780843663018352636190032196948924986014765773851 10792960786101507271798834287341042623712745404829297189663578974387299172267 61578950931648569305872747626140937856477634302773783047125039553 -29334569933239981235369277873325329945821299622181610660864209948690314853696 422688083027164393611732161289862383576069916595182856504121446838376329671651703 30709236343054679779962877349784559305609046948362 19258171727526090634156201916117004832800075183903899995057277576774 -480482144458956232899409682430083871590004052862573179076847149019178622 17412153985917011708250688232192679973819114256
-2304778204896062145723722806863724789514255072048575166896930293834146300466851038345 6164693777060620967879559272302312289530189655811533037936572216912584292419924475676 -1197882939454427410806191712378409687917114119922812627884631851579220613268916009864 -81763639527402868086981516063369516481137390375833298914467528985139714803601031477 -4434207925408340174067990282412092223660087140231599366421679005685429022206904725879 -1162051755419071621691929372236518790623856091256280898095899694353786930782503191210 14147622175636327482326664683829368723336993382962852911376909524768380062046496882 54866863922199215580943326034999180323243159664069897418744648558076135759225082219388 -58668834774456039317420977435554810787514766659753660260270981656280463392271206056 -3755597785966337343567537732365636280236993677420320737990467560025946 32422399774468410321330101638733112927294122814570500444299001133898213792839794389 927101154438115683201287535176124758692713891017685181610981225893261156670826765745 1848904690562651059359530090814743006631833188291078179714623979 49938814565203849152500467077842284618037639178516129971198659666891413890691726173265 -3549423088392157389194723327550969716286857845286413373109861366974495971562515029761 368308655476969766677851918740199744534390963504904252247028 -3812213918086839855376289497392957843893098972160184130731103605722279354453016447294 1132814254021126216959771777925749707973610834609667521281698006750292800154075217807 8786547021069074477536816926950320154114290089172143758388691635444 -21653518641469174208451451127992310238246914663918000687383144365914829906001512668469 671102151828526824374698868858030412959086622604849925021516385032844928511130155 -29552337369182000007657112006571367202855760698904686719670959622163043911475506990 -115525315429660888293304871418576834415815393819769992190313861136926456914480858031 -5416047861259205056111276575503494629539623492970418066 14483494243534934085861378406393413103672759958583514792210852056653467895680 3350350814457989510130742536634046098149751135051500334320683427631397507 -121043865195391206730813905911904498422156248169204177070579243656454267743400003 369701010439979022645251088139532233186645731341573648371112816180111362985509 -5425729224253629253774383672567037948786505941194302442283151627027 2065038190671278888832159492983266068129000178409248604769282297232162355812375 -341166675977806111325257994684617772417498928772740273524376974822198 -2698991985932282500123111732390471138446489288569089993 2828226649510875404784689650976942936309443924659718168552698773107702520828861 16136371985904209102904727984829877359497933008543035799476635186867 -7686937262291049715760185678500947568685049754379660660719971923633728837915390 110762720678789711006893405785906840763376202186159880525655165249242444173327262304 8047159841755242686376375229951642745274981155160930 5046481274237989073769533314478461044060708208954280038371930987806663 -125907286471648791692711209687475565667684377918733221863179338985393496319 4562744079620188173266821869721394760580470591502
