0 0 0 0 0 0 0 0 0 0 0 1 0 0 0 0 0 0 0 0 0 0 0 0 0 0 0 0 0 0 0 0 0 0 0 0 0 0 0 0
0 0 0 0 0 0 0 0 0 0 0 0 0 0 0 1 0 0 0 0 0 0 0 0 0 0 0 0 0 0 0 0 0 0 0 0 0 0 0 0
0 0 1 0 0 0 0 0 0 0 0 -5 0 0 0 0 0 0 0 0 0 0 0 1 0 0 0 0 0 0 0 0 0 0 0 0 0 0 0 0
0 0 0 0 1 0 0 0 0 0 0 0 0 0 0 -1 0 0 0 1 0 0 0 1 0 0 0 0 0 0 0 0 0 0 0 0 0 0 0 0
0 0 1 0 -1 0 0 -1 0 0 0 -7 0 0 0 0 0 0 0 2 1 0 0 0 0 0 0 0 0 0 0 0 0 0 0 0 0 0 0 0
0 0 0 0 0 0 0 0 0 0 0 2 0 0 0 0 0 0 0 -1 0 0 0 0 0 0 0 0 0 0 0 0 0 0 1 0 0 0 0 0
0 0 -4 0 5 0 0 4 1 0 0 24 0 0 0 0 0 0 0 -6 0 0 1 0 0 0 0 0 0 0 0 0 0 0 -2 0 0 0 0 0
0 0 14 0 -25 0 0 -14 -5 0 -1 -107 0 2 0 3 0 0 0 33 -3 0 -8 -1 0 0 1 0 0 0 0 0 0 0 -6 0 0 0 0 0
0 0 562 0 -236 0 1 70 -142 0 -62 -2968 0 -469 0 -372 0 0 -433 45 -102 0 -567 -209 0 0 -334 -706 0 0 0 0 0 0 311 0 316 0 0 0
-48 0 -110009 0 68980 0 0 110660 25004 0 -17972 830556 0 86896 0 52560 0 0 28167 -161069 3480 0 -75790 -16696 0 0 -39812 -56 24 0 0 1 0 156 -76953 0 351 0 0 0
-52 -85 -1344825 0 843218 0 84 1353738 305857 1 -219721 10156551 0 1062525 0 642782 0 0 344542 -1969420 43029 0 -926716 -204293 0 0 -486929 -1011 26 0 0 -61 0 513 -941021 0 4389 0 0 0
21171424 142751 144694262362 0 -90720500535 0 -142418 -145610379098 -32897236849 1112 23644992701 -1092671629102 0 -114309483458 0 -69154998706 0 -5 -37066751867 211880092701 -4610245921 0 99702038377 21975716181 0 1 52385306881 100258286 -10585712 0 -152 -332118 4678 -68956727 101243235371 0 -469144481 -1293 0 0
-35814115 -241255 -244771405275 0 153466931998 0 240712 246321150251 55650463799 -1590 -39998945949 1848413102455 0 193371129545 0 116985745289 0 -1 62703806722 -358426016070 7798901943 0 -168660509534 -37175122539 0 -2 -88617370928 -169600943 17907058 0 270 561550 -6933 116650857 -171267668638 0 793625052 1862 0 1
963100569132896 6487741407802 6582306402127554064 -211661 -4126978671670258300 -10965 -6473138022191 -6623981598059608393 -1496532667830355373 42756392831 1075637563560730303 -49706873988771012135 0 -5200068294579147777 -2 -3145939450356321336 0 26978329 -1686208680954338345 9638666157164530583 -209725323633650024 1 4535559006347078930 999700299195839159 1 54351843 2383067120701526929 4560848810138153 -481550298016434 0 -7260722655 -15101007897427 186440133652 -3136933751763085 4605669810518525594 451540 -21341885315998699 -50072176203 0 -27323297
-18778018500612341 -126494526014150 -128338281265586903765 -8030244 80465617548656111095 -2920902 126209799043363 129150841892717420417 29178591623320735775 -833664350050 -20972204534161207136 969157979753553786675 0 101388143702077349494 12118 61337840774724201548 0 -524401358 32876792836400918430 -187929545167263798252 4089111920462618051 -30 -88431897862640833902 -19491620465752076893 121783 -1053394145 -46463765088868720754 -88924984912849703 9389009518309086 1 141558968535 294431351939049 -3635108700542 61162252438309891 -89798880733949386516 18614088 416112637960078731 976296213260 0 519957492
-126738104521359006002776487295453 -853746973294243614491524394733 -866190993719551341309568855300017563 -54198364676522810099238 543084982418391179477688023603892531 -19713985297626685752782 851825271247646962021083458731 871675192901049125028898917101352686 196934484584828939800475218737352564 -5626634116315820939972822203 -141547280412316512117136800579623302 6541118560071161842209174663382068226 14247677531 684296969529635019200069448895704608 81787767418792872105 413986261381517504360702538286148030 -638943332 -3539331592429124291159386 221894680031919840292898404540905108 -1268389118760504498083272467588224065 27598561262373162704665700490128036 -202486404805898880 -596851638737710329016365596636122161 -131554403985627708344887357602892649 821947642850072995694 -7109652024892870306259672 -313596959982592795805331983270765166 -600179621299100519464745407254708 63369054069506217663754863250645 6749555413543065 955421113763649761251978844 1987199632123026494089096029479 -24534366414687203681620581233 412801166536047908109544347615723 -606077788877948034922445710835381049 125631690670531059619046 2808460701043783771255539613597232 6589296496640899657966144302 -4386757851 3509338696975110013297336
-911851956757026647519075291799457757 -6142516105269248161075664174434523 -6232048013747719567378327222865697678248 -389944958305658141659480653 3907373443636343780889762370617996392527 -141837659139765367862204880 6128689894295753396265344384144233 6271505584726708475323034809929532993163 1416899012335703780537615630931003936813 -40482358074510747262940543312644 -1018400623120052550562176472132806653558 47061866523144969317392802843322894525386 102465034313491 4923361707396712886076540976768752992525 588444462233963396880773 2978537385712945014663928970451124810897 -4595424617341 -25464689174237724993275685837 1596481965271787433538694254864181192045 -9125772428418867952774619496569937420174 198565397406053870782179636350175927271 -1456843820764156298502 -4294212358090766791302442073553941711892 -946504140545060964977139549463032088330 5913727125044531424312296 -51152336033773937397451518876 -2256259099606391623460782850972132092477 -4318156438855723197575906247310255160 455925991392611849442437428028051388 48561522433756382137 6874038517481056129891564694002 14297451266622390342785375409731725 -176519209495169056326000180583891 2970010896715297112108079427537250928 -4360592418692762427371950976327540562997 903891559695165239430492059 20206238647749382192235462872069095039 47408495864806203354135382014204 -31547047952533 25248897084622372432774802939
2369042711787049158981931663663346228495314775566049813 15958602603624393338495366384180144330122535540610514 16191211541601181134401552872486102421956997145504222722512 1013098951673665257558922068769433328392326094 -10151576152556864054853958177801337431246839662444485737262 368502222484710935518677291157044939652018050 -15922681329238055856574272610904266685880485603819058 -16293724532070643689426757439067567890998618808204890155057 -3681183391271261780088721584739927904193357338122947197362 105175445028877771052102032983746723766469957199467 2645862144620943026895883233795841030515678579276107630896 -122269378338856496620536098191318100798731005246742232827815 -266210003366173638615645668620564 -12791170851769679102964949631595731957237236204783312096441 -1528811836413352370794761212245737479732756 -7738407789904792794487200614319846911677593957285679109590 11938964935479597317478741477831 66158695881622430653639089909211860325217530363 -4147750011720801370242405629447525663471285226861503801139 23709270458618581241304806315476962967431902878413920095174 -515884079704022659917841353774569683719404872492659079241 3784962252061353771250690560556952855696 11156605427465861096221041255785567758935149212270757021388 2459071035839242342587005350981595548046797544988159506294 -15364195954472481246497671952386057552892932 132896648379934927893001375173314788836762571958 5861888145566610311018144550857558897200926938791636284036 11218813497105147235709124147776899168162455586414691615 -1184521389704885112616317100192816277285139039539023806 -126165568810905990671262044676123079480 -17859139007935740183264868009217784212769252335298 -37145583193991736209495344193221980405677436838337059 458606842531973400129348660286029953070225230428306 -7716255491532972067134635973889506552334152857243693744 11329064561442412268444372484038196890385932086662638131415 -2348361152129707553512341705499106143917984952 -52496945415708344412568644537280954638093517932850758929 -123169940880252569050595757345747257599920413761323 81961710399819805429305796422201 -65598055885868416815210032872214112033030353066
15310006784615733218590106099215831925576691592826606379967420123 103132929144266948422796971524435149591529699096998543126224018 104636171108148855031649915326437610397184670141684519130459670361530 6547181165809698437042499729087194549935927062730305122 -65604853385251873410297849312892573674914084004392878678786439931868 2381456230534198121168374543353664149255391687103668884 -102900786873538523878120951748368994854159633534970216414719023 -105298664262784641180484583577974079755980572688363985901504144049732 -23789753732749002121042286213515667476222123476673425537419282162289 679699343939831977554558812155454533417987818360520272338127 17098960345357340290361589152867605024915205158214210360335718822164 -790169380486419936713992604776385262166335877692017359535050205683951 -1720389817114894652838368436799642179398167 -82663310184074053830325592660374148483792329058161037067031677761457 -9879990542776341278999492009241085884530816345185709 -50009683310519908960162579525866664122865776407276454869253481639001 77155904895273323112417652612848348639421 427552478378454850263058843350155935782487467316263796528 -26804953960679622160534964905603945066231150009857494465511599132288 153221843478678731358332610291626877556470644745084900320279816724757 -3333915729356335369734451215399317817742578226686512832592483208877 24460427610805625628229909409247339144172721054944 72099884032456725424356163092506141826321070670895804554228048941079 15891817422806775890479766528279196349574407895211075450421065422271 -99291559047367445630258713381572625466247030121358571 858848419332503672382548457975387937731038133057192376680 37882621040456141278296617986682344013865856047428205082661543272054 72501905474913913848276630474418078621976598943178304751989606492 -7655003610814758267974860268686737916386208356714907106148233422 -815348623673739419374681405648941929900266540850 -115415200417656902582539790654261596938907669403281660192187 -240054401674139771959650724134738699922862094303951133473146967 2963759933791707479600786129205311080687718579358367635899049 -49866523444013503224178617223154603897843976549650794072906563617 73214406154879012331863834131459620360418516449371786386658052990784 -15176351609428331616182556752235074267121593141798029565 -339263022353791531060149700474663185977905746410664010626155753993 -795989291858277047844292828836046312322140732419217882649847 529679915037659694429335918252917377090558 -423929326252064466710072931502903019525859970371088051902
18808214816726975952764860902818554422486549676791719682469852121064 126697937715665146189424895043565672161585705205241567032206042237 128544657849494209460860719343698749810687810423162829350621600588347916 8043157102602713453872889146207150036978735373080593065073 -80595011671032723052812384915751870911009332182655308071654409609700977 2925598988338024346365009959339562051882690056855318026346 -126412752884768117521711663206673190963364677218778262026220588429 -129358525128738118096431008649957535681507017753978983992449948023489688 -29225512760202611413246764714524798353283171348843577442825344815419734 835004938368459211043697612567635503412741939596732812462276007 21005929248923505181509630266164814022066772375798527320903206184724793 -970716450937332028425352317692899986367650246066699523108507759851777005 -2113484448701941961737700319343828271229103539 -101551182653040365146966059814386992251851144759206459722800892050665650 -12137485445303309303697961533275169707531251069150998440 -61436476146169932248628301190342091384900121607507480852962481846668077 94785381487058564035374866393516715336401871 525244630645526432005553458365140095232355149400271904330795 -32929660929447633991477485500604440460040826567347737545930327057394038 188231748509590101990546756487170411672845668424510114103895408101436535 -4095687487324179279043066693064179016829599439930897444633812570228112 30049429989496832874832087135639545379699312047118691 88574102299301193621304710330862943439937305913201196197548407058997798 19522964301799055954922353754857649108151195947746214707791451926687175 -121978846797584239692293057595950286155605774351651747768 1055088073641083879334591946370446023262953221164687239173911 46538481946691278294042957879885323296734759335966860880252336155466987 89067982266634926213579129668264410293874300784138116171979068600978 -9404107676797370146924384578322220188440346505328383765900930709488 -1001648939828557584427445915806931170894634736581246 -141786604872845058033479610999422903008067137503791858575241362 -294904817346324041187076787580901023470842698087418048201723156654 3640954199705278029305697287480158878411078396227477439770445438 -61260605451906616965034126324381496790818538855379858030846026969771 89943283370963206213142302250314134148938753481857676529675137359977846 -18644020555962968009617669885201124478718907076324997021690 -416781775055386594880937637376535998664142661375106881036919787241467 -977866163203050540027617982219890108591414681638452785811567649 650707329283789212552624704256275918938764152 -520793618672409149219501857767495418351916083949715781578631
1 0 0 0 0 0 0 0 0 0 0 0 0 0 0 0 0 0 0 0 0 0 0 0 0 0 0 0 0 0 0 0 0 0 0 0 0 0 0 0
0 0 1 0 0 0 0 0 0 0 0 -5 0 0 0 0 0 0 0 0 0 0 0 0 0 0 0 0 0 0 0 0 0 0 0 0 0 0 0 0
0 0 -1 0 1 0 0 0 0 0 0 5 0 0 0 0 0 0 0 0 0 0 0 0 0 0 0 0 0 0 0 0 0 0 0 0 0 0 0 0
0 0 0 0 2 0 0 1 0 0 0 2 0 0 0 -2 0 0 0 0 0 0 0 2 0 0 0 0 0 0 0 0 0 0 0 0 0 0 0 0
0 0 -5 0 5 0 0 5 1 0 0 35 0 0 0 0 0 0 0 -10 0 0 0 0 0 0 0 0 0 0 0 0 0 0 0 0 0 0 0 0
0 0 -2 0 3 0 0 2 1 0 1 14 0 0 0 -3 0 0 0 -3 5 0 0 1 0 0 0 0 0 0 0 0 0 0 0 0 0 0 0 0
0 0 -9 0 9 0 0 9 2 0 0 49 0 1 0 0 0 0 0 -10 1 0 0 0 0 0 0 0 0 0 0 0 0 0 -8 0 0 0 0 0
0 0 15 0 -32 0 0 -15 -6 0 -2 -117 0 6 0 6 0 0 1 40 -4 0 -14 -2 0 0 0 0 0 0 0 0 0 0 -12 0 0 0 0 0
0 0 -343 0 215 0 0 345 78 0 -56 2590 0 271 0 164 0 0 88 -502 11 0 -236 -52 0 0 -124 0 0 0 0 0 0 0 -240 0 1 0 0 0
0 0 216167 0 -135526 0 0 -217581 -49154 0 35330 -1632591 0 -170785 0 -103332 0 0 -55390 316561 -6912 0 148964 32843 0 0 78278 171 0 0 0 0 0 1 151274 0 -707 0 0 0
230 1 1566540 0 -982190 0 -1 -1576456 -356163 0 255994 -11829861 0 -1237577 0 -748710 0 0 -401305 2293930 -49912 0 1079429 237921 0 0 567152 1085 -115 0 0 -4 0 -747 1096115 0 -5079 0 0 0
-132846 -895 -907934965 0 569257644 0 893 913683462 206425264 -6 -148368808 6856351883 0 717275000 0 433937324 0 0 232588355 -1329516052 28928607 0 -625615454 -137894349 0 0 -328710004 -629104 66423 0 1 2083 -26 432695 -635286236 0 2943808 7 0 0
-16310448538 -109871825 -111473682839314 1 69891840856986 -4 109624381 112179466994586 25344309088272 -723908 -18216301898776 841803460280975 0 88064992481098 0 53277595282830 0 -465 28556539337329 -163234214354960 3551772399745 0 -76811293076241 -16930277516416 0 -970 -40358083043704 -77239584520 8155224510 0 122948 255741180 -3157192 53125080542 -77998644298043 0 361432362216 847924 0 484
-1587406265220 -10693258299 -10849120833893751 -652 6802188709015740 -240 10669188802 10917810926527358 2466622298214668 -70474052 -1772892537600677 81928103803413034 0 8570881667580577 1 5185215507740833 0 -44334 2779251012212697 -15886688863777414 345674485359554 0 -7475620960646188 -1647730853148343 10 -89063 -3927830393829324 -7517304244328 793703155253 0 11966751 24889855810 -307295169 5170372087330 -7591179328753074 1513 35176225247854 82531502 0 43983
-11484675091277673288279 -77364314666642346354 -78491959205397766909090989 -4911302132734 49212938709970270846637341 -1786426598974 77190175060314433556 78988922971529665309969156 17845687200914522045381902 -509870846856805279 -12826643823724356509261805 592739032035016383624325055 0 62009199132919901233139224 7411184933 37514350732760052569442289 0 -320724960462023 20107514738948403491517746 -114938099897346864342285594 2500909338056731227231296 -18572308 -54085132285089617821890560 -11921115534333953526293695 74484938281 -644258052525083 -28417335170146127453753468 -54386705348465851635692 5742337709549970219936 618983 86577758987182729 180074825977794094493 -2223240026415706126 37406960541751897979921 -54921181846538743081627558 11384389850171 254495353074133123129821 597104790450816612 0 318007093262349
-50003615328326815193391089 -336839779966364427170253 -341749479482819347175882661801 -21383578276985799 214270306897826165165198080613 -7778012312348429 336081586128160991546205 343913231160274207379624737404 77699096489189782728741311383 -2219948365237547781258 -55846470067062260803450321494 2580751681035714743107586754497 5619 269984489384035603225731197605 32268780379962 163335327157625904873790295700 -252 -1396418039670099420 87546963603581154134833301773 -500433881512303457539096052411 10888815531767678134282388928 -79889567015 -235483557721129214461677947108 -51903851935358692867476751365 324293580910978 -2805062505184378294 -123727444199384982637761213884 -236796589507801468263174269 25001808377823088536101732 2662988953 376954587017259199922 784035443488316949460067 -9679859306381590179183 162867756437642020661217662 -239123669464287607508958241689 49567087633680250 1108058141551654647902623094 2599759942336795677177 -1730 1384584556657793816
966113706396339085728306149943617 6508039991673954350926670870927 6602899692637366557395716119602396931 413149487882965145861378 -4139890266103818913615319839834433260 150278019981935334115970 -6493391021706804220478315506187 -6644705272875941668089044795174571985 -1501214694176188648229762617089323892 42891349536743712830209395062 1079002784726187902837489569055860272 -49862386059144696595109686981311263988 -108562471986 -5216337138738276018937929900187064166 -623461139941095357683 -3155781782368830759566623956076794543 4868801059 26980021326980566082119890 -1691484124406637233913605557038188285 9668821522196435357117539229766954403 -210381466671724004710659968208432644 1543536505996911088 4549748878187143844595899203781179287 1002827944344841453436400540881727297 -6265636421632114522683 54196267925088851743546910 2390522743476473282929629851034717122 4575117803967986684436508043173549 -483056866986700530690814035408924 -51451282282521946 -7283093248660337795177056809 -15148252446968441480432582218648 187023372019775490705420332933 -3146747905951696292075287335484929 4620079029812947681314032522392563583 -957679608456610868931013 -21408655174392348275059042167021665 -50229642339658761728331345728 33424611310 -26751388056015451560159209
375090923544008746513996898775478691091480491 2526728184039328174417153951626090956750275 2563557195578967799411606939758752224848815308609 160404124220323630957367215729478383 -1607300727650268387367350525207726652066075189004 58345017703604252671076518933234409 -2521040762737292901831968006762220098159715 -2579788094278739853185212113525546857474617370234 -582842373882417557924111062201402164165767986296 16652445569575716075724332474776744883173 418919790030873227852150484522898122876120761899 -19358930851727084410285695815122350332656648409175 -42149073768260294681549 -2025228192015293638321574897118768472061039677711 -242057030374403232482201026416415 -1225223382522304090459697836205734053307447406843 1890298288641036356727 10474917237767221777433415124495640056 -656713943900339554391034388602220443050850623368 3753892704690637107542955392433632744029250360749 -81680011481036862372561027232982607509656309712 599273698038974084580393030806 1766427178616622795951465843117013267900139649904 389345122949465426554874244620301444945538741795 -2432615681178243571666616340413574 21041548271255483081847561422519274552 928113717533472329613794325264472507652377161194 1776276592549429630921582470938337399763217226 -187545467125362666693051152503971143185360325 -19975815332193884111014615143 -2827640426598436669509985281318069397312 -5881266317611073594553866221316207430129659 72611297066552141585981500177442655077637 -1221716005465078801911600663496323070064341105 1793732661761782418740749162961616012964852496008 -371816408790177627517359066250424146 -8311850031764000771044637858136350281909859489 -19501517067535149702036408073660355019780 12977011134562635367422 -10386151014711474256237773478174747131
597826925924311420390048211007516990659298304882091544919798228001 4027146614581623390763828898407501934730738683571771175510571357 4085845381658002644780633249725307722625769448436758226254363290742804 255655091789941439532035426743988962862777782470794754920 -2561745946737977028147573899111449130458797674208942231706788009162302 92991379922454518978995197998217009794510685455829052201 -4018081896189328662738419640580257280465256769633776882394284492 -4111714491427424092925637727883122826290994906979665087190589328393596 -928945071195976712357997299875346612482214126158079772523680799527308 26540979050945588381638016298992179140856894328951113743131277 667682192671428602711646610393594554553504196205178498906811477222124 -30854625888891820320148793812096371854590313307376654146427185358619927 -67177981710025745380534930198859111965464708 -3227846552212561376050127671150808477711637137235583203640901420958681 -385795020044303486064396722869937985877768517358122111 -1952783931488430671853494278621734745066929887456259326595582830247482 3012792749824212309066435700221153383594214 16695118912498095772407326213745644137490134495498312579933 -1046682960451607663193430977426161157954529763256427511769866038287113 5983024368307854171112234691003840554050693717563553633593744130930569 -130183129231175689428846656897451985150639932676756064873829898877460 955133622805190850434316346271878637124405445963402 2815364659010815826494961770631264736177214167623021049958880280239028 620545535405877553308491096707622534119201306764448087403664212749428 -3877148348174934571647785737757730006725606932300690604 33536412987121452465328525684896959698359263193479296028103 1479244993237275009623032395298815167909638984141724315997517752508078 2831062839062659003992635499090052984905408529361394567687100057379 -298913471494438234383584538403215691907421499020305559100927754796 -31837827905947861698057168175106374720280456225422 -4506746172049976818789232392454325976776165312487785549023304 -9373672201873739909002393793925082686924484762284437470592474007 115729242666093836791312109869194916438464370529240275315481304 -1947193808367436416061697834878148105249636383223159988157066899001 2858884648498467653535138878385089185356672738207970870719419068660271 -592607943095613406507284081615773699273371225200787154006 -13247581963017970332321945630950542876640081910727503814994608851901 -31081882465164892558777118054984978246293445338714278904635230 20683002939555022536010129759507927598245495 -16553641646788937548097499970212401823630150420033008071024
908733276281264024019400901199929918345928444276019658855614341660224639761 6121507711409251043283236126612568128187108131698058569073251896128881466 6210733406348495514966114137676171739905064244015005704581088523122940643686077 388611283777596534956869562289256127518079439923119708941789950424 -3894009597477016964131785915693277047082101319958136590675847913455246696281682 141352551513456964227116566306709153471383783776828387073070668744 -6107728788302933935635678374737824673672267045209013812398317629018290738 -6250056026083128010163022863186886359493038988990109691705749361892890581068030 -1412052989630862276981996948154212511799425126626873035940816219674738714416452 40343901893324474694714575491441498754285592284819679171236284724603404 1014917529053857223243317904219014539484976087157156994324381786397281596971678 -46900907363940370907699220806623414472873344266677105081603812718010829443338059 -102114616732809116401658809333791097772626762418858844 -4906523017828525869784142154968741007473225853460559790659634564056692958855828 -586431887449382011296113227438372837257682617785120445228310288 -2968350308389353553088241907507635103305856230906543936403820721084160765465019 4579628162567606797382653013371518215813707341770528 25377595838131389927954947146664886124189126741483520468889427577757 -1591021739959876461294998442582991035744857902820943313984005086864122929484253 9094560817709623867878861481897274448821430657117860864945231901186033216983395 -197886271783233810396847884260137816236540368026950628748995343217415542775070 1451861180384577438857204601896401624867413787707188686049089 4279525460573339217635415637297668649138898260211351987524064379797941218216876 943266944022673157807074960262329305875408193593872682030306078895901909108534 -5893501226325777767422124282053864084465270661341405862739645563 50977386810387352436741622311336814986171120529312913715217482154075 2248542330288673112205283875491997772746251614168355419633368258621958405027203 4303387648727726109444072629794696239770481815330490461763322199942820339818 -454366651110220225814733365369117372905758512185564879687266782374567486788 -48395434210191525421373794884278189796230632425414953058231 -6850528199215850279088589938240669513200484636963734011696309450137298 -14248551681785216893209668107037852639506656855043110822856458385680360927 175915485383847853216066673155869834396011682997221189027708897825307769 -2959852981356613134868562619432714136844718220439563123719588896828440550866 4345678490682670630700698302915368857028851272758038916101870877900701030861905 -900800105058763993059438655498892862044151268160160078411823711422 -20137130058912819878552902474637530501184798754910837732309806195476947060225 -47246351177455117241993275765818850767286099363872230032048716327211441 31439422029272156677901279659622500035022253594027496 -25162541792199247659883187089648913837657038311746418752248796197635
