0 0 0 0 0 0 0 0 0 0 0 0 0 0 0 0 0 0 1 0 0 0 0 0 0 0 0 0 0 0
0 0 0 0 0 0 0 0 0 0 0 0 0 0 0 0 0 0 0 0 0 0 0 1 0 0 0 0 0 0
0 0 0 0 0 0 0 0 0 0 0 1 0 0 0 0 0 0 0 0 0 0 0 0 0 0 0 0 0 0
2 0 0 0 0 1 0 0 0 0 0 16 0 0 0 0 0 0 0 0 0 0 0 8 0 0 0 0 0 0
3 0 0 0 0 2 1 0 0 0 0 30 0 0 0 0 0 0 0 0 0 0 0 13 0 0 0 0 1 0
-154 -83 -4 0 -2 101 64 0 -146 0 0 -63 1 0 0 0 0 0 -153 0 0 0 0 -180 0 0 80 0 -68 0
-348 -144 -6 0 -3 116 87 0 -252 0 -7 -957 5 0 0 0 0 0 -265 0 0 0 -3 -687 0 0 125 0 -140 0
-18471 -5540 -258 0 -100 1400 2106 0 -9655 0 4 -85033 127 0 29 0 1 0 -10179 0 0 0 -36 -48126 0 0 4263 0 -6621 -54
-37108 -11341 -538 0 -55 2770 4232 0 -19434 0 -19 -168878 257 0 224 0 -77 0 -20811 0 10 0 -96 -95747 0 0 8687 0 -13409 -222
-954826422 -270313266 -13377420 0 -9038363 67452131 100641668 0 -484711069 0 361403 -4522863437 -1521875 1 -2358366 71 -3193 0 -502016561 0 -8700 -97 -4858324 -2537510551 0 0 209725287 0 -331191924 4109361
-60315143814 -17075338546 -845025614 0 -570942667 4260855648 6357397692 0 -30618564845 1462 22830569 -285703439239 -96134002 -343 -148975725 -754 -205221 -42 -31711728075 0 -547796 1544 -306902561 -160291266016 0 -789 13248074111 0 -20920962501 259581975
625053238584833833973 176953829214557366323 8757104405125067180 994 5916748872506917506 -44155770306937128631 -65882492957677947109 11214740 317303946005362187109 -14947624308549 -236596003826482266 2960779807398865610089 996248447494127921 3513216805842 1543853794158615948 7698952457502 2126548001553225 414486311382 328632530613615108921 -4148575 5676875260058691 -15762679584587 3180468443441528021 1661118063688694049264 1 8066826913338 -137291418015737141957 0 216806502299755155572 -2690080003948738334
-207267817106371240121691637617 -58677935968562559199057148231 -2903858078615708303750616972 -172860309589272 -1961995478362375983653349572 14642064934681446514609041572 21846651825052589116976985706 -5501730098781898 -105218071302338543674439902400 4980119339340443845562 78455294904776475098893778 -981795357312119156949178481185 -330356247029386407454679082 -1169756902077173834222 -511942313098892011013693463 -2566233440169433107998 -705184928625276260377765 -139843993446446562344 -108974632930234873652795990925 2148897521231086 -1882453541592124571138968 5254386984913624617128 -1054644220051132920342971610 -550827183681523118891798026366 -58158518 -2687628632436649368533 45525870070234452069552003098 78930828 -71893092766509980191451346045 892031216026669150932008053
92422745353605327059340814946549134627763761 26165065129790051965032617519656527748670816 1294858697745504403499994841609059993319968 77080101500066697943955750259 874872959117187136560692713380428378558586 -6529039856749758110228265111932830346200654 -9741635564287738216667735282542873086287142 2453275222257579277835032902873 46917766329264820933749113448166477414670669 -2220683885989977547119671848437794725 -34983982770971510131507449789217427794887 437792145278595997782645723717494786061057555 147309079245526414395344692666961831967522 521606035109760545674492972882750972 228280080814438013737381723098414728330751 1144308571735954138879539270272535632 314448851709996748296360112053831214495 62357803426397304007141704880139217 48592853873425169073550365909613789785888212 -958214406948709844167138776983 839404432118243191439755546795077558579 -2342982509672957629523926491616090018 470276165153096126543953109521062585423564 245619224643612555396255347202356761931301311 25910986683046839522166 1198439874408265199997988851979761318 -20300430405667943486953724217514131102306713 -35165837756823243165291 32057832702663364278726468432093571656538847 -397765437380898076607113828615260040842055
190055991531533900456177353451718083566162411 53805233524535479597964948389302319173985944 2662717416061398485636150278546439816010152 158505734296227382395171484784 1799068476845000931077781556918625056068976 -13426166242691833406826791158156743914272200 -20032473599718018169552685996316096273223483 5044858309304919067912005571909 96480607301126843636683665941927253327478570 -4566562876001616345418183490749969776 -71940251372328673978606784279661112120265 900265621166112092899863896999733093343547983 302922976486909648638157047171657729859154 1072618561722376751485563029850748633 469429867508196210024064607328080043671642 2353129626124294204817722854967707013 646625330907944138935333506066481382015 128231141745348580978215388470871125 99925218504672942309103045368228752495658456 -1970449898622640952147511993978 1726131819952192980746973291394704499029 -4818054931318538423290603799976595416 967065006777928283720831470209812508964082 505085681021996945740423605616723703706964568 53282752495240996737259 2464443982378464107233628920761478668 -41745334598152730445600099086635172500810123 -72314213750515660028779 65922984189075973767059739682585884537544280 -817955626714694266144199740696166950258265
1 0 0 0 0 0 0 0 0 0 0 0 0 0 0 0 0 0 0 0 0 0 0 0 0 0 0 0 0 0
0 0 1 0 0 0 0 0 0 0 0 0 0 0 0 0 0 0 -3 0 0 0 0 0 0 0 0 0 0 0
1 0 2 0 1 0 0 0 0 0 0 0 0 0 0 0 0 0 -6 0 0 0 0 3 0 0 0 0 0 0
-1 0 0 0 0 0 1 0 0 0 0 -4 0 0 0 0 0 0 0 0 0 0 0 -3 0 0 0 0 0 0
2 0 0 0 0 0 0 0 1 0 0 10 0 0 0 0 0 0 0 0 0 0 0 6 0 0 0 0 0 0
8 0 0 0 0 5 2 0 0 0 0 78 0 0 0 0 0 0 0 0 0 0 0 35 0 0 1 0 2 0
285 84 4 0 2 -22 -32 0 148 0 0 1320 -1 0 0 0 0 0 155 0 0 0 1 746 0 0 -65 0 101 0
22297 6538 312 0 156 -1644 -2465 0 11520 0 -6 103825 -77 0 0 0 0 0 12063 0 0 0 72 58554 0 0 -5047 0 7889 1
105358 29826 1476 0 998 -7443 -11105 0 53484 0 -40 499074 168 0 261 0 0 0 55392 0 1 0 536 280000 0 0 -23141 0 36544 -454
-969602372 -274496375 -13584372 0 -9178237 68495897 102199070 0 -492211969 0 367008 -4592855037 -1545417 0 -2394874 31 -3263 1 -509785235 0 -8818 -43 -4933555 -2576778732 0 0 212970785 0 -336317116 4172953
226106170167978 64011111353475 3167793246253 0 2140317452456 -15972873102437 -23832280318205 0 114781239056697 -12878 -85586413946 1071029662596603 360381577619 174129 558474083930 -261974 764416280 -401266 118879227353115 0 2053496419 612285 1150487290607 600891268594614 0 7854 -49663665662737 0 78427380265700 -973110597215
-219735209863961475 -62207479937991287 -3078528414284097 -183 -2080011717238922 15522801639876945 23160752550174111 -5830 -111547056855654649 5279644023 83174469302827 -1040851454385094783 -350227547545797 -1240111962 -542736220123414 -2720575452 -747602565238 -148252179 -115529579898509465 2277 -1995685243018 5570403204 -1118082258226981 -583960059476556264 0 -2849273587 48264302455527338 0 -76217543308767707 945687898874677
-104393604394574088657418814117 -29554039405203797468177731205 -1462572509852895401086852775 -87063737312617 -988189013864077773030168471 7374699823882181633296679300 11003400140988095022748672304 -2771030465039337 -52994689981509806220306439056 2508313231690672419692 39515208551386429674660533 -494496239496123519354781426249 -166388973662818838940427899 -589165944711721967058 -257847571574806281649749897 -1292522699755168813135 -355177168803513868036445 -70434564964745102620 -54886739668438226157603405820 1082325085088447 -948126501526668784716062 2646452323858366342744 -531187682786947215298105064 -277432531040337430824935035246 -29262472 -1353665243994806515641 22929800372200402775462838337 39714463 -36210055134211938091969460680 449285157597370438532608420
273248759320575959969614512383014909100784 77357273438516163169523264605266795454072 3828262526726745925020398314881015009850 227888081257647688976040067 2586570543076460632172456440938897243218 -19303170811316612257183606806547781912891 -28801241745314433717046173217902303804290 7253132420910540079248266010 138712839469491051312088497954191224222612 -6565473838375717966505071942322750 -103430490532247205983674875232532412796 1294336800751647390927313675277383847976546 435520747479357404641634086347745074108 1542133393706930802294436108418183 674912313213521339741106731317142588806 3383159592483933568746890755955848 929671135290341311679512577247954488 184361461618871295404959354772326 143665252335436182594605402879804196757220 -2832970356594397141495844513 2481707492749296564508399661689393094 -6927050927003985077022641278220105 1390376126293126110972409492323626581614 726175663170027939423272680439319890913826 76606088001660517321 3543199323385939065803689452853010 -60018422962871617885981641734352051969509 -103968146593762250635 94779298959307968727475173622010917277274 -1175997443584884716524205323226377101170
-182712970245120218581721517724029049635640077113633 -51726409426924383513945581231822768827855089440507 -2559840413824932964121548320908753644295838911968 -152381691736049983840600560437523491 -1729559496808468945596612468688655455957283695764 12907431612330773676353890830544764132788949739509 19258497052717956754193608965193054121830830233971 -4849944685937141303194057522446471371 -92752973421082883710396632963356129044706276679914 4390128720287758229128165978801616955177461 69160761007830944529353313355999232535735774418 -865482873374904673357620225443122855925486788127117 -291219215681672926770104973417600717184929863603 -1031176769398649778574021461596715775457254 -451292930693872675177204904629320298445358430131 -2262213887056660374201996932745624439432583 -621642253389951180433310365123986786610883456 -123276791209859176404078486658752826278232 -96064498299976800483359157010894638687618400625760 1894319409745119599456467887892540131 -1659440827498203889382428057808636926660387118 4631904104740085746366255807722294546526927 -929701391598567319426689941849869940517185829463 -485571142820280189586573579847831942506096257248726 -51224115024146328293096652319 -2369227491301535236500728376645184357745418 40132457897489301211480935154885737090119381035070 69520274940168530569613812810 -63375977529283401990964815001769860176572053409415 786353015663564683254315262603758835201284330762
