0 0 0 0 0 0 0 0 0 0 0 0 0 0 0 0 0 0 0 0 0 0 1 0 0 0 0 0 0 0
0 0 0 1 0 0 0 0 0 0 0 0 0 0 0 0 0 0 0 0 0 0 0 0 0 0 0 0 0 0
0 0 0 1 0 0 0 0 0 0 0 1 0 0 0 0 0 0 0 0 0 0 0 0 0 0 0 0 0 0
0 0 0 1 0 0 0 0 0 0 0 1 1 0 0 0 0 0 0 0 0 0 0 0 0 0 0 0 0 0
1 0 0 0 2 0 2 0 0 0 0 -1 -1 0 0 1 0 0 0 0 0 0 0 0 0 0 0 0 0 0
3 0 -14 -18 6 6 -6 0 0 0 0 4 13 0 0 4 0 0 0 0 1 0 5 0 0 0 0 0 0 0
-865 0 173 -98 -411 -327 -420 0 -126 0 4 649 745 0 0 -289 0 1 0 0 -93 0 386 0 0 419 0 0 0 0
-26457 0 -34165 -71542 -11685 11962 -49987 0 -494 0 -6355 36147 24523 0 0 -20665 119 89 0 0 -2172 0 -15052 0 -149 829 0 1 0 0
18660 0 26497 55287 8143 -9872 37326 301 370 0 4910 -26054 -17185 0 0 15457 -921 -272 1 0 1662 0 11857 0 751 371 0 -429 0 0
-581487113 0 -773265189 -1611907424 -256469179 273915245 -1117928885 -180192 -10649713 0 -143742210 802011458 538667115 1943 0 -461481309 4794504 3270494 -4826 0 -47859571 0 -343155811 1 -5737543 10571556 -16 300795 -1147 0
7491666905249 0 9960798035780 20763412051813 3304356983296 -3527818293897 14401420047203 1973840824 137255694827 0 1851626282024 -10332521806139 -6940070679712 -780874 1 5944884597824 -60861676479 -41968804521 7637759 -2554 616409578860 0 4420124934277 -2674 73294929255 -136948579674 6005 -3274429920 113339 -29
63932153055887154389 885506 85003149283826197565 177190162348056195818 28198618321925447145 -30105587405197915807 122898391035205135898 16844711740788335 1171307968680595863 1 15801350855969618627 -88175352579995741328 -59224958673445467109 -6814704867751 -2637449 50732271300643805890 -519380444367648297 -358152167575095684 65387282867993 9131614592 5260297118073106873 -1576662 37720325765383244257 8109216751 625482575358235828 -1168686641865572866 -1803086316 -27944164005652236 996274066931 1122299
-33210191367101668024172342435 -470510500570191 -44155729466095314501629750847 -92043188265524187186341907104 -14648052130207997752650982513 15638646145240710688861785469 -63840788865948805084326546425 -8750152676231358941628598 -608447548386969807704139612 -845640799608 -8208168514620751176159344652 45803561949227949709975121168 30764992530976876746500696296 3539964545389645719068 1394690228467116 -26353381793801692467695665486 269797326144185104525458942 186045697745332846820036734 -33966070796335531149508 -4743220998877153609 -2732513541130146397840151998 834501267420797 -19594197555049010585400326035 -4212023398387978090 -324913131048013296784717972 607085874164043528536052450 936073741685694927 14515873300542817424382422 -517524189024995555685 -630899032714063
-1008459814521912725456064181097416637 -14288523627106451546288 -1340831742137125068815643776675791613 -2794981080964388531702748055877667052 -444802373194697155231206495482136295 474882725506548126013529140570507870 -1938587748171292695933612382064173547 -265706910489311647015142590536773 -18476102561711474282080769637511195 -25963052039139674988 -249249033416258016182120852833456756 1390869780820313322181025281965472356 934208969728819110032063125696411811 107494472092043116809877108245 42351657943605786112096 -800246111864599794065652725452262125 8192658647291005500670426311373605 5649458859388451064562047783750764 -1031412829787297007612511069516 -144032527845281228586893934 -82975435715088240585748980860041787 25341234850231409249314 -594996897598273078830358332786442817 -127902195380075135794007330 -9866303757496543211016733281399900 18434753997377316583224117305317109 28424794065933662578983292 440788634262186843383037398871728 -15715126177502110842861331732 -19156682738322145423243
-1495730917484199502999008365828401360119569 -21192501901919470732801537846 -1988699463259695269410854120416965125226976 -4145469711714532590806649405045535516353792 -659723523116346589064839629188001866698310 704338204151487811220624710766469120074350 -2875281284827904931796606054699585689469328 -394092094979987475007153811946414989194 -27403449734149409604326166368411836345220 -38507964599491168426123864 -369682043910187719454548862864811806612866 2062915054630776884556535348409632312988904 1385603292558459227602876279529462064269182 159434023102779354853020382653083914 62815278578200753983525275167 -1186911797452086502648394635575761957150627 12151215803236322424559113505034395616628 8379183941056003659531377204771116670560 -1529774450094566970335772437578249987 -213626663075019101786678262201768 -123067793880926525289468697865781524319732 37585700385503267119602427364 -882489557570347331399892519007835043373574 -189702420750154026047635898922798 -14633538549450498569128089634404544210638 27342122227413304265524462332307406532152 42159184426842607309915206017347 653770411916856892224226947085062189904 -23308415226241444996570856444719058 -28412875015214788838066821773
1 0 0 0 0 0 0 0 0 0 0 0 0 0 0 0 0 0 0 0 0 0 0 0 0 0 0 0 0 0
0 0 1 0 0 0 0 0 0 0 0 0 0 0 0 0 0 0 0 0 0 0 -2 0 0 0 0 0 0 0
-1 0 -1 -4 1 0 0 0 0 0 0 0 0 0 0 0 0 0 0 0 0 0 0 0 0 0 0 0 0 0
1 0 1 4 0 0 1 0 0 0 0 0 0 0 0 0 0 0 0 0 0 0 0 0 0 0 0 0 0 0
0 0 -2 -2 0 1 -2 0 0 0 0 2 2 0 0 0 0 0 0 0 0 0 0 0 0 0 0 0 0 0
3 0 10 17 0 -4 10 0 0 0 1 -7 -8 0 0 2 0 0 0 0 0 0 1 0 0 0 0 0 0 0
64 0 93 191 28 -35 131 0 0 0 17 -92 -60 0 0 53 0 0 0 0 5 0 44 0 0 1 0 0 0 0
21880 0 27004 56978 9681 -9286 40261 0 422 0 5028 -29462 -20295 0 0 16686 1 -3 0 0 1794 0 11755 0 0 -1108 0 0 0 0
89264 0 118585 247178 39378 -41966 171509 1 1633 0 22045 -123099 -82699 0 0 70794 -669 -489 0 0 7335 0 52618 0 833 -1676 0 -7 0 0
-12443479 0 -16544625 -34487480 -5488459 5859606 -23920393 -3274 -227979 0 -3075503 17162067 11527292 1 0 -9874302 101078 69707 -12 0 -1023839 0 -7341709 0 -121733 227478 0 5431 0 0
-760114179726 0 -1010635432103 -2106682608982 -335264317075 357937013130 -1461186668502 -200273428 -13926134916 0 -187868392913 1048350987836 704148518924 81064 0 -603175662886 6175115941 4258210145 -777472 -117 -62541714040 0 -448471592722 -105 -7436605252 13894968813 36 332239268 -11853 0
3550016377077381 50 4720043947163593 9838992558913850 1565809253542402 -1671699187675123 6824286060096625 935350987847 65040238325960 0 877415379231434 -4896189644041401 -3288635892469484 -378405885 -149 2817055039678087 -28840090552762 -19887427524275 3630816392 507027 292093102215802 -89 2094529400544711 450244 34731716044535 -64894681628098 -100059 -1551679945869 55320949 68
3250052442631509760641 46048881 4321216786170646489049 9007632191673996270477 1433503862694873792096 -1530446468734852345952 6247657819847341804388 856317109541200159 59544566274530404866 83672 803276856660955407977 -4482478789380842097077 -3010757692347730929244 -346431921789288 -136490423 2579023767848309759932 -26403204039317450261 -18207009640940623907 3324025150571611 464186338607 267412259408752691160 -81669430 1917549011424112604302 412201692640 31797007838133667083 -59411308607166391923 -91607092360 -1420568432017475071 50646524020058 61737938
-6236719851784200922826604050907132 -88365959261567538211 -8292241122224010014984324311889914 -17285283698960023603973721196012410 -2750836226765498099564629532548898 2936865186680893251426895550339628 -11989003943778684553856828929147396 -1643238074082851667691039875043 -114263626543071393145752571583370 -160565904242630593 -1541455963202807955174293437939664 8601696417026939365556507947528829 5777522855469210661691033932657654 664788917118462197612892259 261919634290208531966 -4949042827794922394970463876461712 50666686057960980523060171083530 34938518831203742679370997391657 -6378670501579594011939555310 -890754904439194311909789 -513153364846834989809757015335762 156720357249657336999 -3679699388676561695324739433281355 -790998460748540960805874 -61017178495390301877912081345233 114007910441832523144391172512428 175790323898749116216783 2726013655831292310099999467541 -97188641523594624564713577 -118472607326795518095
-5054772311013160818222284224394694653 -71619347201904664220362 -6720742925284910707005323524638649024 -14009475414310064981276454129798707619 -2229513449639438299451521163030694797 2380287263114145814569015348419805823 -9716916361780006738114952816407572473 -1331820975556623002883545699465280 -92609036373604724544548329758727587 -130136386821665165272 -1249328029254772944192927039047298958 6971552019302300048426636652752742846 4682599707876370168174529947894261081 538801916837341549870678497216 212282120532739989626040 -4011128485240424774987031087935050148 41064624973223733747846107622569341 28317170206908854432089055612397581 -5169821284057991875696059277268 -721944120284764886475557687 -415903468742300558505927895936782765 127019609907259613415922 -2982343768000616276511746332319855823 -641092948291149694820488652 -49453551175047810337721769294574178 92401782127985098852224946347569522 142475545303555810201025346 2209395110636205961423487057694013 -78770005033641029923775830308 -96020355082374036913309
