0 0 0 0 0 0 0 0 0 1 0 0 0 0 0 0 0 0 0 0 0 0 0 0 0 0 0 0 0 0
-1 0 0 0 0 1 0 0 0 0 0 0 0 0 0 0 0 0 0 0 0 0 0 0 0 0 0 0 0 0
0 0 -1 0 0 0 0 0 0 -1 0 0 0 0 1 0 0 0 0 0 0 0 0 0 0 0 0 0 0 0
0 0 0 0 0 0 0 0 0 0 0 0 0 0 0 0 1 0 0 0 0 0 0 0 0 0 0 0 0 0
2 0 -7 1 1 -2 0 -1 0 -11 0 0 0 0 5 0 4 0 0 0 0 0 0 0 0 0 0 0 0 0
-14 0 38 4 -7 36 -24 -3 0 46 0 1 -37 0 -49 1 -116 0 0 0 0 0 0 0 0 0 0 0 0 0
-1198 0 2758 -512 -779 418 44 876 -8 4729 0 372 11 0 -190 22 677 0 0 0 0 0 0 -22 0 0 0 1 0 0
11529 0 -26258 4771 7504 -3765 -553 -8507 19 -45097 0 -3616 -259 0 1304 -226 -7403 0 -138 0 0 0 0 364 0 0 1 -174 0 0
39126459 0 -90127784 16730484 25442367 -13717446 -1395900 -28585078 262502 -154512958 0 -12137596 -291739 274 6322954 -700433 -21907280 0 20837 1 0 0 -363 679958 0 0 -212 -8392 -40 0
-888057693757 0 2045212745942 -379498946047 -577480101334 310960109669 31881643274 648914047407 -5865734792 3506387791110 0 275537815376 6862076845 -10563577 -142718039968 15928065767 498567479910 1 -275084492 -578 0 0 16599248 -15669580442 496 0 3022964 440685762 1509149 0
-2490854045187618 1073011 5736481333861730 -1064431355129305 -1619735582756134 872191302616222 89422732586957 1820095930928002 -16452396644470 9834834147179253 0 772837725837371 19247020403483 -29630907626 -400300235890668 44675579015472 1398399005651152 -673094 -771537753568 -672590 0 0 46559998514 -43950602533346 2621130 1 8478049673 1236086829243 4232199022 -2519
-47188108967358808140 1983435656 108675058835172348109 -20165173793115257920 -30685161715465208471 16523273010576718577 1694072778766178661 34480897963220978863 -311683546183589544 186316509194339484946 2254 14641062760077539734 364625316244468930 -561306810541222 -7583510440749159598 846358627717379877 26492035502134569304 -1199402535 -14617083010809483 -32757428188 0 0 882021476400239 -832623560345355424 28119434855 2 160630477096604 23416286997556000 80191003926150 -219501
25031252136141528556690475 -1051504441759394 -57647421313219996367501302 10696753072578863211591977 16277151946677897731405497 -8764882125921131630973222 -898632384073763489554396 -18290625958213243850350626 165334648969747361382859 -98832854734621449536788024 -18089790 -7766450945127319177204557 -193417969581657517844135 297748999682884349531 4022724497283570921437565 -448956668775883172143023 -14052879735136732835478489 635841914680743 7753730745784297916690 17377060442194448 1662 1 -467874267285282999162 441670809199786703293288 -14915415340409460 28888 -85207525549450976209 -12421328073699192825600 -42537861852468403985 110440269308
5282370603078705072717588725589385284 -221900052060789059982042662 -12165393965592722992831510619420400337 2257346682925159846606291674663887132 3434983934376621733507674960336141785 -1849661991721387321851240608080307533 -189639306207615805489787188897442501 -3859889403377932007987897603418317699 34890739170300063718648218975297192 -20856797879268524574943005515705778155 -3817506789315305548 -1638962043914646302762643770192538610 -40817190888749955321911376367414450 62834274309035953006693820578072 848919643059087870893546292623014041 -94743782544289237083775434391625368 -2965593506778897977071811729956796041 134182366109656224797048445 1636277687306777701009561218300557 3667098743144183525736364523 350731380963152 209564370590 -98735982602975672670774405063104 93206240185896293104860700145423452 -3147615273034164459743110052 6096259126215728 -17981430800004652153575898960362 -2621285499855901752086353343326138 -8976808261336099665410077923667 23306322385159176806109
-953800549982416761249506130135018669864941765 40066933503937275022678948188441959 2196619723798320578544812515153777542524716181 -407593232178776372363637535560418127119248608 -620230917512618198718760268905647443385672371 333980471562749545430935824219811844389557719 34241837264066133145462181963542291603648304 696953112995794154564789402502560819782307305 -6299975656863129828506784659398358059171608 3765965469466327350463052456729985799957765094 689300382121692832960586037 295935862200769536229200770432942765930942797 7370073409036600990337771569603719202105237 -11345543487383287649928232517923227728222 -153283456099941261814180263226425183442611476 17107219218108151774527691306919136577109849 535476385572307822490991101744626394420939137 -24228367187781203760722493675010180 -295451166786282379124890649159142318283455 -662142257874184513908966112236400179 -63329101495408555629025 -37839566160534581250 17828062736621543117529032188080677285543 -16829595996026434886525880546934952355214906 568342777162072113713811985725076859 -1100758682859350758942212 3246780636049906347275089940273450122681 473307107601712066544909390120283398037212 1620879203696701099722724948909976573905 -4208258901046500981656891694514
1 0 0 0 0 0 0 0 0 0 0 0 0 0 0 0 0 0 0 0 0 0 0 0 0 0 0 0 0 0
0 0 1 0 0 0 0 0 0 0 0 0 0 0 0 0 0 0 0 0 0 0 0 0 0 0 0 0 0 0
2 0 -4 0 1 -2 0 0 0 -4 0 0 0 0 0 0 0 0 0 0 0 0 0 0 0 0 0 0 0 0
0 0 2 0 0 0 0 1 0 6 0 0 0 0 -4 0 0 0 0 0 0 0 0 0 0 0 0 0 0 0
-1 0 -1 0 -1 -1 0 1 0 -1 0 1 0 0 6 0 6 0 0 0 0 0 0 0 0 0 0 0 0 0
-26 0 60 -11 -17 9 1 19 0 103 0 8 0 0 -4 0 16 0 0 0 0 0 0 0 0 0 0 0 0 0
-155 0 354 -73 -103 31 24 123 0 622 0 50 27 0 10 -1 187 0 0 0 0 0 0 1 0 0 0 0 0 0
7463 0 -17185 3188 4853 -2611 -269 -5454 49 -29463 0 -2316 -59 0 1195 -134 -4197 0 1 0 0 0 0 133 0 0 0 -5 0 0
-588039 0 1354264 -251290 -382386 205906 21111 429687 -3884 2321800 0 182451 4544 -7 -94502 10547 330134 0 -182 0 0 0 11 -10376 0 0 2 292 1 0
1475114211 0 -3397217694 630371099 959227188 -516525340 -52955731 -1077882159 9743965 -5824313828 0 -457683520 -11396451 17489 237068759 -26457201 -828138863 0 458457 37 0 0 -27527 26026230 4 0 -5049 -730144 -2523 0
-452890559856936 19026 1043015058569701 -193536402467687 -294502584925170 158583052557529 16258959852117 330932379462919 -2991400563102 1788183294609982 0 140518432618153 3499512211977 -5387174021 -72783172803826 8122975070033 254258817586904 -11505 -140288285953 -314402 0 0 8465251269 -7991151979306 269866 0 1541660150 224739145934 769637729 -2
9806737310821170083 -411964956 -22585091404545010269 4190771076530857062 6377058264652886047 -3433903190368265600 -352065956656238169 -7165896577890363758 64774764842044365 -38720709566963154584 -20 -3042738087651425081 -75777240729735731 116652023994186 1576021934663103226 -175892124400378491 -5505633488630207713 249114245 3037754571100942 6807972878 0 0 -183303656131120 173037672271843671 -5843565457 0 -33382581712803 -4866424612526122 -16665472208673 43334
251355915778010004142314550 -10558874980376047 -578877169133048623586132179 107413410635068376243340321 163450010872916261846042723 -88014173700334010280410758 -9023782135153516938910466 -183668679971533058411049146 1660238244399412935280687 -992448263301507362420760052 -181651990 -77988243618019184166481201 -1942242066345742689743578 2989901267432731154585 40394926887313498869337962 -4508280848718337321746618 -141114572931948369718588350 6384923370525363 77860511400016087451767 174494944049007529 16961 10 -4698245388717729156987 4435118551601945198962613 -149775882633150186 289958 -855627017744620233309 -124731047258950144576762 -427151752657540929102 1109006250654
10688505620831774009075270985750241347 -448999158130304443018408364 -24615819591508008961970082056699205480 4567582345424475220134209785722084693 6950448548356864955656014632465354156 -3742661028673450730558852032519406841 -383721806483886836271328519876501322 -7810214898543597207630734286919086904 70598958263052237798191104115712574 -42202264497531756482246398375420045079 -7724456658032895857 -3316324494252948627675930253543619340 -82590716748782244116659932285626426 127140737482823996352326808478708 1717729227703785551911597981373484108 -191707384497651173544492576381577358 -6000670011269972145149867552743380929 271508586229007225955728419 3310892887338659397693309720028412 7420116548694517770156179168 709680303303239 424041702173 -199785320707179017284173997763003 188596275608325661824584922390889165 -6368978261092358831007671806 12335351849320048 -36384161320379756265386372507819 -5303986960453933439602167195628355 -18163940542622774307000388880881 47158705159668931634378
58601119494222352834966346261974727293 -2461696167059847009299800899 -134959426181966563360589896248544790998 25042363106610827103898720878172182321 38106736373593144040878183756059349454 -20519624908107064940880621100968855986 -2103804613291790373957914743638360199 -42820516990989059971986076578814834676 387067952818159035406040491368757298 -231379393198483508617058662079510460134 -42350336305491500287 -18182179517271946627318929132175100065 -452814325313721504105262692389830158 697065596830805880248761901705442 9417673461779443618399922666514915768 -1051060620202718418722225573467485527 -32899452257430100977964327184411737990 1488581067338697152677197928 18152400027311296944867635282247104 40681752150986487989307541177 3890914373542934 2324859333311 -1095348954032907194853579613706332 1034003561877598309045348172479071069 -34918750045559063146471225517 67630167697511562 -199480887307304799678298771569390 -29079796997961473980273877932576327 -99586161806345574055098957650792 258553722502463459427636
