0 0 0 0 0 1 0 0 0 0 0 0 0 0 0 0 0 0 0 0 0 0 0 0 0 0 0 0 0 0
-1 0 0 0 0 1 1 0 0 0 0 0 0 0 0 0 0 0 0 0 0 0 0 0 0 0 0 0 0 0
1 0 1 0 0 0 0 0 0 0 0 0 1 0 0 0 0 0 0 0 0 0 0 0 0 0 0 0 0 0
-1 0 -1 0 0 0 0 0 0 0 0 0 -1 0 0 0 0 0 0 0 0 0 0 0 0 0 0 0 0 1
-3 1 -1 0 0 0 10 3 0 0 0 0 7 0 1 0 0 0 0 0 0 0 0 0 0 0 0 0 0 44
1 -1 -1 0 0 -1 -7 -2 0 0 0 0 -1 0 -1 0 0 0 0 0 0 0 0 0 1 0 0 0 0 -19
1 12 -3 0 0 18 -21 -12 -14 0 -3 0 -53 0 12 1 0 0 0 0 0 0 -5 0 -4 0 0 1 0 -174
435 738 -61 0 0 1228 -2415 -998 -1401 0 -246 0 -4353 0 739 0 0 0 0 0 0 1 142 0 171 0 0 15 0 -14917
2992 4952 -515 0 0 8396 -16534 -6758 -9597 0 -1501 1 -30291 0 4495 -493 0 0 491 0 -586 428 745 0 887 0 -245 102 0 -103398
-13459944 -22875301 1892542 0 0 -38046111 74733341 30892139 43381850 0 7634595 -36 134843057 0 -22891309 13194 0 0 -13119 0 23629 -36881 -4394230 0 -5273516 0 9150 -477355 0 461885694
-561239478799382 -953831338537128 78912804045753 0 -199593 -1586408279434148 3116154269945266 1288109594564986 1808892285454597 -21 318340346386007 -1268111181 5622549396474340 -218972986 -954499405216059 549545359791 389584 -1399464 -546368871100 73783 984506541339 -1536858840342 -183225722379227 0 -219889244011751 239 380476173374 -19904394466063 13649 19259242554397930
4993763115301241 8486943531491462 -702145653198542 23 2222130 14115448875167784 -27726731454437034 -11461264634352973 -16095053788907673 -47 -2832509705305300 11290233682 -50027984342120470 1940510731 8492887797117656 -4889731074410 -4072481 13072075 4861469810799 -864373 -8759908074734 13674602210674 1630294907081155 -51 1956517403177580 42 -3385412977866 177104128640240 -123268 -171363738579389851
-1283713095492957522340 -2181681489567205202023 180495860324562115728 197790038 -570039250133 -3628563500326262380975 7127524361963898004035 2946270209892468726145 4137447220450328638202 -297768905 728134218230997623048 -2902288926038840 12860357441262465085072 -498851615963902 -2183209541989964024440 1256970235625535936 1045015301685 -3358526075525 -1249705297590931365 221754743044 2251850594616396351 -3515237944241767080 -419088946196811767473 -338084961 -502948769055693255902 187528424 870265266852272582 -45526967136828521444 31813219817 44051323665803487694941
-144178522755456045915467558894521 -245032644285372663338846635323017 20272151621281271349126882634907 11980229245168230737 -64135754128687318548212 -407537265956864733970746679295251 800518384556803952115019250170680 330906405797349110199565324360826 464691861701635989445347506267327 4979762548378650039 81779422766952289962963058804326 -325968187635688174592870319 1444393879388752674345498802612575 -56026144491400002672710391 -245204265449675275188547895635304 141174938278804915012954747259 117550804797656409871497 -377395860235523718174741 -140358986940884660443630871698 24925795949200876355478 252913598863149871594613964916 -394809264045852892642115050828 -47069415574672141870040812533593 2120229203176436195 -56488019639435715127122494375716 -949906459932785239 97742689175351825255693486232 -5113300541579835548482004638714 3546703686934260815876 4947565615688035134265787798903953
-4516380222762751950600192702942356627112 -7675627183798697740836756582607714933394 635023461923616319245111718897517654421 375279683776575601266080147 -2009047158917547342157680672832 -12766070929497960645696679203719489743560 25076171754808188445649343447290402498163 10365615614355418224651157974468964482627 14556433883205757149312223860541129189459 155990647273437886183654800 2561733610213732860848469010191579870292 -10210926341537429860158604272129122 45245518029168936347463769045150042582607 -1755014312137081689620948495989839 -7681003202483384265369646345461781667671 4422293189073602606443907854280495508 3682269174434925295179681924847 -11821893904484149064266791889665 -4396733581339444500490372579530040037 780798483089817075348949341979 7922497429875051177241385123802488641 -12367367329214297402798322485498898892 -1474445524448998918170516952604262212255 66416003284975906448482896 -1769482512699187746187253225355127148184 -29755740779721727553116520 3061781601549254875414927695739980540 -160173713793716358009793942736850081943 111100197737762321608584181225 154982081037231814586016480246097350088448
1 0 0 0 0 0 0 0 0 0 0 0 0 0 0 0 0 0 0 0 0 0 0 0 0 0 0 0 0 0
0 0 1 0 0 0 0 0 0 0 0 0 0 0 0 0 0 0 0 0 0 0 0 0 0 0 0 0 0 0
-1 1 4 0 0 3 1 0 0 0 0 0 0 0 0 0 0 0 0 0 0 0 0 0 0 0 0 0 0 0
12 1 17 0 0 2 4 1 0 0 0 0 16 0 0 0 0 0 0 0 0 0 0 0 0 0 0 0 0 0
-2 0 -1 0 0 -1 6 2 1 0 0 0 6 0 0 0 0 0 0 0 0 0 0 0 0 0 0 0 0 31
-2 -4 0 0 0 -7 11 5 7 0 1 0 23 0 -4 0 0 0 0 0 0 0 0 0 0 0 0 0 0 77
2 3 0 0 0 5 -10 -4 -6 0 -1 0 -18 0 3 0 0 0 0 0 0 0 1 0 1 0 0 0 0 -61
-580 -990 82 0 0 -1644 3223 1333 1873 0 332 0 5822 0 -992 -1 0 0 1 0 0 0 -191 0 -228 0 0 -22 0 19929
-7667 -13033 1076 0 0 -21673 42571 17599 24712 0 4353 0 76802 0 -13052 -3 0 0 3 0 1 -12 -2508 0 -3010 0 0 -272 0 263082
1374581146 2336117742 -193279168 0 0 3885424559 -7632085142 -3154827552 -4430334535 0 -779668822 6021 -13770725796 -2210 2337746690 -1353517 1 -11 1346357 0 -2420665 3776191 448761166 0 538558029 0 -945032 48748155 0 -47169659793
-40507197972 -68842332699 5695495024 0 -18 -114498278921 224906983808 92968710135 130555958529 0 22976066094 -91581 405804884826 -15741 -68890549954 39663335 33 -106 -39434092 7 71056499 -110922324 -13224231311 0 -15870403932 0 27460971 -1436590370 1 1390026864205
-4610178126052938 -7835037530287645 648211870827653 207 -2050029 -13031201548967931 25596963233042672 10580892664313653 14858747441848484 -339 2614936668788524 -10422980630 46185194166757308 -1791475601 -7840525200201139 4514137027762 3757433 -12065781 -4488046585248 797485 8087034834856 -12624217474186 -1505067370213974 -381 -1806231798915090 202 3125369794553 -163500262444224 113971 158200807877994869
51077875612009819 86807290617884333 -7181780053717716 -4244 22721265 144377521561307519 -283598262002391161 -117229639418639707 -164625581232841820 -1765 -28971854502887604 115480185453 -511702918688527257 19848285163 86868090550600341 -50013800940251 -41644524 133699382 49724735272593 -8830419 -89599262750423 139868394362924 16675200355124542 -752 20011912908871114 337 -34627133253216 1811480129204969 -1256484 -1752765503978693912
-48059412260747595053831193734474 -81677386090475861386683083546848 6757370470718537348248255295726 3993401827596495239 -21378542305864249696870 -135845485873503439421956111694945 266838932251906684493255225779164 110301916485236193568731233124961 154896980000359349191081200254003 1659917557062783231 27259753520079657163757164159219 -108655847029611999446113456 481463671494149189465608281315210 -18675344455147097037869074 -81734593031775144450080315307802 47058219421033221194120355724 39183523879873075989332 -125798370561208657115272 -46786236181197077613637280097 8308582169909805982028 84304365739199498535161381425 -131602826985019626282528472942 -15689774071360555780165202499841 706741665924503605 -18829302532454433904041080902815 -316634858608473108 32580831768680208907104151082 -1704430133173838594173239686280 1182232217389235305290 1649185267453107880504350609130761
-961190090466121141215439561602763 -1633550857829811571307485793167251 135147668865021005254333404240322 79868189879427434833 -427571666950880973155281 -2716914933285865370918254825605590 5336788890374657265603779469127919 2206042564769839930788441660873625 3097945547309078789839173786230929 33198414874137259136 545196117045521770930637928829576 -2173121112456175576953116776 9629291915781187268692758956980133 -373507606146691973612563469 -1634694998852269689384289130629935 941166195230825519884956449998 783671982057042967591439 -2515972241278879331598504 -935726519991249360798205537864 166171962407943483813975 1686090551667716477730205882480 -2632061592618415157282843212035 -313796083839362833442859563988352 14134860453984862834 -376586773604091237809866245961286 -6332709329431550777 651617886321443277625437347234 -34088668105427644343574660139360 23644689739837558792938 32983768669874874809139163493635094
