0 0 0 0 0 0 0 0 1 0 0 0 0 0 0 0 0 0 0 0 0 0 0 0 0 0 0 0 0 0 0 0 0 0 0 0 0 0 0 0
0 0 0 0 0 0 0 0 0 0 0 1 0 0 0 0 0 0 0 0 0 0 0 0 0 0 0 0 0 0 0 0 0 0 0 0 0 0 0 0
0 0 0 0 0 0 0 0 -1 0 0 0 0 0 1 0 0 0 0 0 0 0 0 0 0 0 0 0 0 0 0 0 0 0 0 0 0 0 0 0
0 0 0 0 0 0 0 0 2 0 0 0 0 0 0 0 1 0 0 0 0 0 0 0 0 0 0 0 0 0 0 0 0 0 0 0 0 0 0 0
0 0 0 0 0 1 0 0 0 0 0 0 0 0 0 0 0 0 0 0 0 0 0 0 0 0 0 0 0 0 0 0 0 0 0 0 0 0 0 0
0 0 0 0 0 8 0 0 -4 0 0 0 0 0 0 1 -4 0 0 0 0 0 0 0 0 0 0 0 0 0 0 0 0 0 0 0 0 0 0 0
0 0 2 0 1 -100 0 0 58 0 -2 -5 0 0 -8 -14 53 0 0 0 0 0 1 0 0 0 0 0 0 0 0 0 0 0 0 0 0 0 0 0
2 2 28 0 6 -22 -2 0 39 0 -18 -31 0 0 -101 -27 -22 0 0 0 0 0 13 0 0 0 0 0 -87 0 0 0 0 1 0 0 0 0 0 0
-174 -222 381 0 594 -331 -1218 0 744 0 -1005 273 1 0 -1639 598 -3175 0 0 0 0 -759 534 0 0 0 0 0 -1381 0 261 0 348 561 0 0 0 0 0 0
63014 309830 259237 0 -184448 -665528 -61767 0 396266 0 -1178260 -101515 0 0 -2785214 -579058 -1015680 0 0 0 0 -121543 775928 0 0 0 0 0 -1125542 1 -1398 0 -312 277700 0 0 0 0 0 0
546004489 2684674229 2246268321 -64 -1598247095 -5766763440 -535197090 0 3433628792 0 -10209581310 -879615258 -17053 0 -24133785967 -5017510593 -8800829201 0 0 1 0 -1053159933 6723393095 0 -107 0 5810 0 -9752766769 -12880 -12108505 0 -2698672 2406261845 0 0 78 0 0 0
-6354480594119522 -31244633697558758 -26142401262958458 735478891 18600634857287484 67114441442712078 6228702493107644 -157285 -39961077112081887 0 118820609549706009 10237091809249889 198451764964 0 280872552168241797 58394526568306892 102425345226468541 0 63870 -11592917 0 12256830279089265 -78247838147757801 65504 1234191598 0 -67594106526 0 113504134694483885 149870981888 140920552277085 0 31407544216391 -28004429414201056 -1012 0 -899543411 0 1277 0
344725047955419391731 1694994215458772856105 1418202541546388713588 -39889082596877 -1009068270479234271188 -3640900102085583129062 -337901695305745887689 4251318071 2167853693035072424782 -228 -6445914770987546215228 -555353331008993191313 -10765823351910136 0 -15237091777638836518714 -3167852300861559264927 -5556485934718265171789 0 269699566 627671205396 0 -664922387149468891451 4244877194521960423776 333553554 -66937885573877 0 3666901445152914 0 -6157500631960416412955 -8130346006362073 -7644817426851759040 -50449 -1703831969689106576 1519215949977190481277 10652500 12 48783755155624 0 100744 0
-211041712130617734085088335682 -1037680561373574151442665544988 -868227865341102579947939699807 24420216147898539753865 617754632921708379848208684417 2228970003189468471766205543913 206864435097228387565054623444 -2602559307196772376 -1327166557058451250984102301354 -809113753 3946208427805259021004878781846 339988981098746235115246776484 6590869465394426018875410 0 9328193456543107071199207525381 1939368715200519290479148829079 3401697416673609621590486761920 1170871 -165248036210398780 -384262107762348712834 0 407067487118454638337844660946 -2598726597412727535528315465241 -204300051036734859 40979574675991559333932 0 -2244888103180022025768359 5024 3769640423640864659205680981757 4977422300169022429686285 4680180242943100671784453516 -249817610273 1043091061118949872282626715 -930068578076727541785199138136 -6599213778450500 23627010718 -29865561462372570302947 0 90545236147801 -865187
6706605720055315985905181147731693068 32976013690558819939804280663083666323 27591047803877628935131927990008739353 -776039767916206353146220331097 -19631364401456320179548513923068638967 -70833499322494569182431016298829632860 -6573857791868278444380197686594068462 82705636531131959841113176 42175467272201928932795020109370908239 25712339350362035 -125404896251358794012215908814607327871 -10804366693070554295282275462787566106 -209448465947786169532170618333905 57616 -296436732633758568125264093496243247915 -61630381915259059670827965367255484330 -108101110070793492511223801748976175126 -45967932698589 5251347772630096789597396 12211303746078553894511431797 0 -12936026295443893535326356134739388272 82583838460717059396391259749604830501 6492365310645423125248014 -1302272650997727365661782646194 -551211475 71339353920485060875489531515932 -498450383 -119793815983137829760355417985520552290 -158175407754387152330314943019459 -148729477558376564125295244744449173 7938895400934657564 -33147951684116399158889175820369027 29556257778616408171933277561105225061 209713636479466392931593 -750831204099136152 949085104143980773104700355184 -8469660 -2877399161280354453155 33100446730812
-18651450561492207956830976488844937201606543760682 -91708162778275731326753415137887491676892889316023 -76732267488888139441273239689076708923236345291156 2158210571669274482016806197370664733108058 54595936882566670091440042792227440600038190572410 196991975651746299307607710769946694126544729091647 18282271050563596646624463878167381127860082939868 -230009062006470310270522250363161181323 -117292364509064767995834298306008875102094326093318 -71507473416587588560364789233 348758122996081863589252574855597883730070227354358 30047556041862617471968466138162957704041140410338 582488052954050361109813344981367609765019436 -249729223432679512 824407352111826377953269772473616683148821664865009 171397584614360896251451184788433459693078194968533 300635313046433617301367761305477328302475128090941 127839389298456707616414447 -14604295742258820158982593608807655297 -33960327715443841152786144573343851045536 18346697632 35975822194247753813452887941910375903471891413559 -229670334670519225833008767039406942289104011435961 -18055635842217271774796467623132402719 3621694040404565585259786466612022153217444 2391592185495310277112 -198398785954834364595020972422039348965696954 968872456071955643288 333153390798044648218935681931892457086228672299433 439894772545312233410386807229546217834216942 413625105382480309126353577140169776853450770154 -22078517999267187740475518338901 92186332081846316679973930477864569999153173816 -82197627794352670315391764752762342572642534205277 -583225507229499260735237850921283784 2088104127552904903374320314834 -2639459457957241677992775612816812091918973 36692200315938556978 8002210125735928104573048328792172 -92054434113195074884016892
-2122675527818921843907331945898651589405235544359114707686809400 -10437079528419571179491180701233327998330637334831890142074325066 -8732709869172090219468166963319504264908802294464079628098459028 245620615364939059469329151000795682759589433798548979319 6213428749517003841628863809863654268932976330302370508576559311 22419170268503165258828178131623607865068599592888727352463055614 2080660119385314966774494964134570491735610631162830990201790501 -26176763329374973498731145623498612676423221342451098 -13348754346079628170952427129656264492991408094896651533075789441 -8138088958664288524499932311352654309582213 39691300704529056165956512511697397163708881802149457356702901265 3419638149351883671758528521229607048993294077209855442451504263 66291526826615581133185920880530161811624935188887342311291 -28421066205795253564985450033908 93823764833321695288696893283579597394589243131629355699437161468 19506335831022320427861035863919463007779951044648936471729303989 34214562545573401048617678019439032687313299182784007699279250066 14549085191014760147665330811540433477216 -1662078832470320570653387256141210386617038918237546 -3864941030758951329067144369087420842264607534535700963 2088042991531794949556953 4094319480038605519377436686683523518135212880076365187054471205 -26138213607772562044366999139144542871918500485586307594502965776 -2054867326009119873826767794650160562449250840744335 412176054804359008522038381284097196420402368015975726819 272181200494157563474974030793493537 -22579275874917170923113564131847322280154449529407311847245 110264981549158446016958571838832670 37915364669648801539528921149258602465739888052943296995613003088 50063337723728245177037834875630576721019795115414657044167 47073651778034677587447480842638782997739768112461891379979250 -2512701609617036171523932688712599402308131605 10491498795998633602292860965344625974629799925466453444148676 -9354709028587300598535579698265842569318123999406245688406768313 -66375454676528375035665994928286790172207879158869 237641974091028578636841701634101607075454590 -300390362647900584480338172940497182860729247590580785061 4175848705030332713779403308881343 910711772597136850800631632259064654507672071626 -10476487813914321603283255391024030432720
26048018145940005812861347138854831271286172113270933010245247999977663 128076681237399104720564968227754845421636398898134285499371692067422079 107161825796876406077904975238506447156168729664518800384638437931032872 -3014087721931219565587227738233620251139040512561902678812955204 -76246935857514106954891946237851641814687137185123575543256788642743044 -275112680349658234670729654057044135520504360593507703711365536107343253 -25532433871780025135312628844927350857282576648937256833858019301538842 321223285080291720898249275343167113028706568297959925022348 163806757498002066990830285063107332331739739838282347689289091391721748 99865045830332280409407466528833759043433881713719 -487064418201428908553897108002332352759029987478430798999568134392187747 -41963453857873482045453747287194213429035024318531858554890963770528055 -813484148223079507999240953834549238587768676851848629511822436786 348763830624739057065232072697460892044 -1151340888830963141444197422819967123652564341927530082770051928015915252 -239368374029991412455745765059511769941280305808432295509422849953027985 -419857643979264962635532689934892764508470232352833434036618290275527298 -178536394326730340022413470681082656227149564042 20395891421358554227769832676266237274089942027648550167886 47427905387707184247019838004248713636552359028423777296607260 -25623031414890284504289220154854 -50242680387852051357881327185904552593538653473601934154227771655488602 320750229337828660353181437951408627534666690910531136607598902798936963 25215922402602280753700857054319095538023141360879928945471 -5057941835273181020848822377186299508675272896394692535213784063 -3340021004877932495472442383584899312498373 277077386536017261418612865964227781833446859032922677247025635884 -1353096223427717071271205032751094986244365 -465271349286123703065021572283068763452264853344987972545590626396855399 -614342942377974333110784978132968074624825917127060109989447961052 -577655567061547197279032188332865354710373727593045422452422867053706 30834150705025045151579183924429723868041157225726725 -128744477163253442781215425113335237527936376131511457188195267993345 114794572855422112424630548331508428231846518722726722806799900192123243 814514053231559295874814668893940739766281629534339327913 -2916179308723897205607553980414408295503882715452282 3686184494319708786394085968164361498995506929358785248941154429 -51243151116504131420328061102024893057912 -11175630221123023819210881201047834567243402855742829818 128560272687064703921193239259985266818564582789
-1828416213848518608049439364463932522258073491615802301674100825423204218588313781574077083 -8990222568117687052423832831003722397306286116027431657384233749134606593943494651970413293 -7522123898057827796479280119006469655192872777712142814921982574772837353743296508815889437 211571061946598203080737206997906987497953164007709682674170182384856177655262911112 5352082181341547378326296748007102814655188264870486961991534830706687099564896054133181365 19311276680181656159346883614016368626782855523621966915828891647135474569686462294045801149 1792225259081913320528990352985807490264133797901544775899052110333813370388831675150001139 -22547967350753513674332212811462768944124323751594758561624299862758884185535364 -11498261774436849132080905501006196045674340783614661449327260987438015062618688024511318620 -7009933269006311203102620025168315444883377117116919479394235263767505 34189030214837876342069267137183495021921012813211682451541973960005772722713417490111840610 2945585302994696467492335226898349835522548684421915848764255433319505482080300081723281091 57101757146605142104641327359835773301136555446811191724904214304308435848885139368329 -24481150126102194002753339745126926457324269952156840049126 80817294314324467627095345641261104206007731230898275910661729189084377452603978374014668416 16802238608207126015384750729902322734589480550263034574019485081028668373841302626072947618 29471513704376818068202904324321665004090854156374118923656533831435563824719809785281441417 12532194822657825271376606266673426006709663023270852925244791975564 -1431670477261183198716833794312724921566657039423330732978258002491370213352821 -3329157355231406975444559035726407278687050609776465225076288952568151215993754668 1798584668685728324937288793015176342898919231669472 3526737847527037420156037069421843115764464739100857419098274047402531522946338709408608970 -22514761646399056902695398652584955987092007083932484491897475145046155298824468073912632516 -1770008033231131836595805795416778298638182073725380821784765936919881962621663 355037485328136849248681305315483630734526981363152702070633947209908289817818319052 234449643181982273881817572540637045012511530457532225818649247 -19449187389029471146740544958728072080496800985805899925908786715315403820300720121173 94979320881579282123871533489368318548439672741596000497390647 32659286173237040081249697500823956345751100378243633645885997281030904893318641648199475801 43123226896337774304682380177804360274288619103643432629004953521366237375053131639763 40547990980258809814472078557660182222509017794945446086169638935989432000052894582414402 -2164374301854664165578413868433201289309510053799951756948656447562587409 9037097877077204509526005939458317339869214499345434677100707292805000388401476203321481 -8057897422164681775659930788843502298607948927415501019117156806044072331663143401113223972 -57174050363143834904870156731848879903987958459967319602049124474965108389283 204698472670229347498228586948875575662958281437709117981428248307886730 -258748264796555147425728941301576376951071296001526460877904462106759549021973669916 3596964952387735871793738512609774898527992193327848299587966 784462886266138323318061885975341615046529662017148955341727505920094542346 -9024167816562045528958774438763549340392260629158183052833502338227
-2548545667197450118034070409403197451913259639065308582873650646049693023549858252823441922694095540 -12531059722387304622812208751039816602189825622150069535458687469694881105251595784529086281095005003 -10484744186427300322164722929469594948012036367553722816811818137523833828950755641263434805791037215 294899218867372126226676997055207162188284934975237725534956729495325288579544822283556291906 7460022368229082357538252531680538269401796713018391511815699974315123879869827807545549449801199452 26917104616862448646125934543436619881274802433058954339230835239136390759997041501376882608080926569 2498100751940418670554287441276333045020957868240927268894843080975325752704061552061262278092424699 -31428579587422801238356902825658414286763951574267725886900513826916444018020066789511639 -16026900769963787688514954669417935808220863543113470761203298525184149826582435752147125229936009173 -9770825113427587528702859049249971569937887140399000893845071254945892245663642 47654524259718991191387767790129040203695537313367087738839237664634895704902664968866185416558145407 4105716523650102364450186164133384168475673152967283944436136461557441193804407039561392985103776436 79591525530739032504618697981646366454728540152060052194683432961305428497091809586891750979857 -34123154569147284458940840369313877203334316179222742031747830106673 112647527242096938947345569542574806380859200215954121725793099069527167710481651306274579086136795958 23419871296170676128507471491846974486614240584304512944585893942289539681682360455532009421917416949 41078993933742547561738974053756260799671780464585636948190873995079915858857364116065389525460338284 17468052718988304873185633726250786723055565588184369489471093892955844173514 -1995539945469320335909436305328539085734102505644921306864017424693412812327530574981229 -4640360049769528428508073983686371201535948499483896562163611307897838272503689247927432908 2506964841893779435826830157071176498497738530151700641745026 4915758453999871727160039420607177424820991026488441366838002493665669404385590560079824081694091998 -31382295676069452531367847008603811513306983236141309412794477184693929393144560491923461994051738502 -2467133177790560828314694016056994799711873366324570812504147775627928847400810878618586 494870499436877727124709516201616107751769250333203135205584491199400787040880463170321328332 326788626015176827913445593846968993414291737884175914204087762652546597 -27109332041248736008209590067490743061227990392545464316134355521366457458443243699323303176371 132387327826529214090859547637050945418229839753996148202125612110797126 45522284062101753341421843799269543075268088618545258002927858823712788565514874855075959337210047137 60107492063259151167051444218513737348864626438884681084194540159570386867079600237976172389853 56517988597787233076563134640525536762537284497451228271548178115748570118833230965471675666408627 -3016822268040882085902586261842090235674397317412829375922741588354830152799588140 12596397069891934343483620764413268244686719654699296695407455919619732729690711292901369209967064 -11231534377369435621363028592226279729328332873079101338638723509730043317356688150891478632740512023 -79692291736147839267181573268683718391583099226619538584051480418495794542203292903371 285319831258545876274493640029765602800123188957498974443721324918832025758007945 -360657362447099811271025488632525559249809548185020813562072417190585069990897633800712363753 5013644800914197432074372749566051499393225177788218125107219305551111 1093426909435843994566014878318022837738923038558698181767417006705288206546742401737 -12578374450395934106634096586711398602764335744276270407067108044137739787782
1 0 0 0 0 0 0 0 0 0 0 0 0 0 0 0 0 0 0 0 0 0 0 0 0 0 0 0 0 0 0 0 0 0 0 0 0 0 0 0
0 0 1 0 0 0 0 0 0 0 0 0 0 0 0 0 0 0 0 0 0 0 0 0 0 0 0 0 0 0 0 0 0 0 0 0 0 0 0 0
0 0 2 0 1 0 0 0 0 0 0 -3 0 0 0 0 0 0 0 0 0 0 0 0 0 0 0 0 0 0 0 0 0 0 0 0 0 0 0 0
-1 0 2 0 1 0 1 0 4 0 0 -5 0 0 -4 0 0 0 0 0 0 0 0 0 0 0 0 0 0 0 0 0 0 0 0 0 0 0 0 0
2 1 -8 0 -4 0 -2 0 -28 0 0 16 0 0 8 0 -10 0 0 0 0 0 0 0 0 0 0 0 0 0 0 0 0 0 0 0 0 0 0 0
0 0 2 0 0 -41 0 0 16 0 1 1 0 0 10 0 13 0 0 0 0 0 0 0 0 0 0 0 0 0 0 0 0 0 0 0 0 0 0 0
0 0 0 0 0 -12 0 0 6 0 0 0 0 0 1 -1 6 0 0 0 0 0 0 0 0 0 0 0 1 0 0 0 0 0 0 0 0 0 0 0
4 2 61 0 15 -43 -4 0 84 0 -31 -69 0 0 -205 -56 -42 0 0 0 0 1 23 0 0 0 0 0 -187 0 0 0 0 0 0 0 0 0 0 0
-54 -266 -223 0 158 572 54 0 -341 0 1013 87 0 0 2394 497 875 0 0 0 0 105 -667 0 0 0 0 0 968 0 1 0 0 -239 0 0 0 0 0 0
-62451 -304581 -255648 1 181015 655644 61324 0 -390120 0 1159698 100303 -766 0 2741121 570232 999774 0 0 0 0 119888 -763502 0 0 0 253 0 1108491 -964 1612 0 523 -273274 0 0 0 0 0 0
98074658285 482227672722 403480173114 -2173 -287081006551 -1035839996383 -96133405669 82 616756711021 0 -1833869702577 -157998629086 -3049645 0 -4334969017735 -901257393048 -1580826247844 0 0 115 0 -189171150138 1207672149617 1 -8108 0 1020266 0 -1751815558787 -2285413 -2174948204 0 -484744334 432218574443 0 0 5698 0 0 0
32261449939105 158627785690126 132723950780404 -3733059 -94434697119578 -340737399482197 -31622879428401 397 202880828671880 0 -603247596684151 -51973315525299 -1007530704 0 -1425978983881014 -296466732037216 -520009479680808 0 26 58741 0 -62227448900629 397261219980798 32 -6264448 0 343170758 0 -576256061363056 -760886830 -715448140978 0 -159454876055 142177395021244 1 0 4565475 0 0 0
-9000149941823108101 -44253245246120279028 -37026713311075586741 1041432069232 26344954594142749226 95057342181317091143 8822004497164427742 -110989574 -56598754297000745489 0 168291221642248349390 14499274942209132139 281076251877844 0 397813015008425012389 82706916339280453524 145069837131657232156 0 -7047185 -16387360379 0 17359925597266402855 -110826095933312321133 -8712619 1747627580029 0 -95736190382860 0 160761248082213695516 212268686474695 199592410031130391 -3 44483983086886253 -39663991418378655211 -281413 1 -1273655944885 0 3824 0
-3644086647049029560921294 -17917774829572096241103601 -14991811517939156940494505 421667274607452326 10666855316210626033136558 38487935599519624594074476 3571957022508373386057223 -44938754162560 -22916369850114994766983379 -13971 68139730734070388661770799 5870637106085155042021150 113805461341320014950 0 161071216078080864018764000 33487349810699047578247466 58737583240081513751177796 25 -2853360864801 -6635107352602446 0 7028891015336653341054155 -44872574228841195221902412 -3527677445767 707600025468444829 0 -38762795649868655917 0 65090906405573013635834185 85945844343529347827 80813324327732818114434 -4313661 18011198682501146716090 -16059623720791314324710894 -113949543823 407970 -515692810833032221 0 1563457329 -18
1045487852587787984412624538085913 5140606616719892732340744962860555 4301148229552564731340089044209942 -120976270910815974648826547 -3060319015037852770274528407884621 -11042182318322206812298567068234488 -1024793875310919073305538169551740 12892921090510458308329 6574702696245164197324611422212446 4008277778719 -19549277407759414442311729689390825 -1684284808741699242349110100567884 -32650767919267406815625499749 14 -46211305087255416254837239239843070 -9607515087709373962447370319021578 -16851802856443723656552229932073046 -7165905308 818628757253590507349 1903611195244019536411395 0 -2016587662548804930574419207656276 12873934078540063393787733059357103 1012090072112685230578 -203010329547774599244087917 -134075 11121039621025007695262661165 -54301 -18674570215300266859150656366595439 -24657848439011559841197767331 -23185329300635880995621590667592 1237588588366023 -5167409904577596669715598863111 4607503372845049955683437989165434 32692105159193000558 -117046526386657 147952181606161791304549858 -2057 -448555647333124771 5160016504
594702714933412273292318563737916869033833 2924120738276373831070914104521822858164373 2446613342388085321285201682519659864477685 -68814684527519314884476896402777676 -1740795000439793536172806601558238290059101 -6281101963300459807445056610653865276572874 -582931402202362723950451585196910376833388 7333853910373383064330404269259 3739874675405383428630755731573009549718772 2280020443378918632980 -11120175447858420818342522547235650529340651 -958068279799247780722369148138980235699088 -18572669475008204377855295027579496207 7962632542 -26286282072033335720125807231341290074899924 -5465023139467535679698615050900790108417195 -9585776520926338032533720890911877862664430 -4076167247183756011 465658920145508177664737443196 1082827259242782202707981652176441 -585 -1147091431861755925396537960263889495462838 7323053567223227799359762873697443831539902 575705123835503313946732842378 -115477950167240899192034388747642090 -76256072473814 6325958201365400648977991741401333582 -30892561312339 -10622617546215026807222706965102306697158046 -14026073449634323478208108087516271346 -13188463402596600388335074166478923400895 703974983210095653052893 -2939367197638540202372149195899988609697 2620876711397011495810098009767469960060179 18596183252572195926257057931 -66579335994552615122371 84159336585039375247240049637129603 -1169933194917 -255150990618826190509977129 2935161622324573194
1871922752000958015759768358266894359270891819399995452 9204141837809275300625731412676887642294923852438774725 7701110262256270759180757573532690806555091329531647366 -216605322969233387900860332584419402487265316014 -5479433145445838821151703924968240334774474887539171360 -19770781900762818179319499719529172785030008383393821840 -1834870645849672997876769960172967683330949737855962304 23084488518294849441876799420347826434658296 11771858978830113884279109580046815381090585471433934286 7176732232450279172297332716505916 -35002546489836288888834814510754622728451621474262782946 -3015674497345179712184830126147012945560959553591555596 -58460473918559958368648051785080097059709890234991 25063670716277349248010 -82740314178090772862281173897872928531966906553810454997 -17202042126420138610638120419177682975150311160284679495 -30172778288270865416833178160088483559907631728213518892 -12830394110137419857485976327146 1465736586371854858936763620188752664398027 3408373515312368309541898896126664906730896401 -1841381375428918 -3610655367813148288650032071744533602416155700824356297 23050492695567762944074220838474035489209396414573066172 1812124768712167325802654457024420113108939 -363485480803118152599323125628960993083014990784 -240028292216412559774843574 19911974147736729940487868121660373621060850196735 -97239321321484351774548927 -33436402712220593856946982714919750641813444524664610723 -44149329324226907008095631740848183313797231353893 -41512816550731218679419483784248929853331736494794760 2215874847751486281603371481740721720 -9252132528705470109163506579687736713642445422706418 8249632334035735196372908787357753956645897151541003949 58534487327448555466447117576687737247503 -209569202782728357248293336788473994 264905091217687215585405843825097242024362043409 -3682553502603365003738556 -803128912213629750684364016272417349317 9238894801824822028716755128508
680938640575785496894096208848150446675247120426167022927601055323183637278885517 3348138070337077838521387239292647488043950350357365357694320006780544565394333337 2801388864631061531398175376694312245175385676766571568065908481217391668393685351 -78793280335145615726361774038426467111345297885037988626736434515679807146 -1993222077779350736113883455118260091092864020714801877601026968382463636089067664 -7191904332716229465763302483444316679055722518770149776946988806322691589724436484 -667460407691358860403597512156208024058493379887148306352023900890126792652207846 8397312449582844128144026143176949671072610285089368764299514394660310 4282181859014196015921884365606322344572227287612292834377698012669599020236906433 2610638865795790203935314754949466866857809830248446192894226 -12732676280579582857315768363365399592422886551312557910028526293792367210860946078 -1096994675900088095359387729095042535983694111137447207380954336485075082273716733 -21265832468229975780120793356568551700936977678458391421891233625429917157130 9117268245785116495256538394448662313894531752922 -30097971188724398415165171891088644602056307372853789813747021279852596954024233329 -6257488546560455959909840980058753551808865114813080824727005432904636997795067058 -10975779106294672686680015727702499403757840344369392649532016377216897417635894404 -4667239133703348700082127515123926377057965192298953734130 533182620650006637276210199358974010749470380644324032069920666284786 1239844553206289304918782510649960235645832012962430107321512040776273092 -669828778578516803671928387868999532423972 -1313427466554501112580652971870522230677710414487123033791413664014213053035151457 8384945983451539888626003807113039127286485256961432827239677915157122159622703815 659186269968442276744269294286587097376373346204200064689011480012219 -132223035861142404137063994114629829511772517470298509129963483473332369225 -87313719984898028374773226021182019873503873292803079 7243265029417781621401928193287772586323090416434323805706539184692894871090 -35372192148626473399390866957298121060739445541738889 -12162969109845162026673238690736951267398903269739252431544799009278787795002580169 -16059949194076758006925056183825117207137306057317497681734740321002964615484 -15100880011373684012579098194359685009497604856565523371406844544867156953720208 806056128598836813735634617732058734209783642211186289264487003 -3365595369674999926845275935154701495439821762524155147719935601453978325619279 3000921603620459098129799415106886553710406851839118979572562868866344957553206737 21292755902959912367601413537841888315583770114202056720440011441927 -76233791109639302818159208298422641616054640945307203809929870 96363010974976422969131268734833043524972792770749197611898924053371485536 -1339581440115456956246117755790516690178427604439584 -292149614136202628808550832351958419906141745462627724543376407302 3360779957427466421719675059859844699059000032194205703907
-26209729266888360464381921280807469708007945480622508363856604560747004581897560873021418 -128871805978721243016985924118688525148862839397784091909781725066888596748004880464384429 -107827107081440707191019840593065454264730484705461135649003263269431109788579507775236973 3032799759884331209722837268025760812625414493953277961974951841329949053279371270 76720291542284993229199865543604671628059002702482611876862728276703154427682099702773771 276820632934656870830491415545324502207764740981587190859047433723485236470144022211031772 25690944146105399769527031846099874188557760234072954087470563420349308130802328014888767 -323217501193548819750643903802012555754758038078938704921810351747254847758279 -164823701444581972109289187714639016551004051997565364551401617038141724591548380310114028 -100485027297417482241822877717121063517191541495377613328186958754278 490088208057536937649118043466833517607250516579742299389547394892027712295599507725131075 42223971073586454690218958743037151211117002656775322555945981831634773630567125445285494 818534414724962136856145385729571154144584784609031314114745707354236605744675753243 -350929023756922102830330452839888318910213924631107562387 1158488635146379074006501251535979533889145154924949209589456202520978983414116420347351924 240854419066780833997516721270074047788573518829322065715137859236244499662189635984530950 422464201217755091327548721583919291227249955118325662714769985556941563417386748058036146 179644782699883906778530270239643171275647312935072881075435946944 -20522513049384520007468078466321102285893243913909630670476854905717765838232 -47722346972533631736491854193079987151886299171445869192177391311809833623560472 25782104136238286480273771940471400953814844655411 50554596638810124628258919656326320500226287361236483212167066277879380753611550086934592 -322741508629790712573763478893028098000759409857499352863753467598903369616285018602056973 -25372467712676364684997938599044206157520640420047291421628581068097430921709 5089342513792790039460776139201103987719191687374945605036738425772208579871694830 3360756499519548689639293405888499363020309118921601926492677 -278797536395985156844407851836103442602543667324794410740016056751665698557785612616 1361496505776091685006864930000720488961020029868353588277301 468159843566827349717892984611521218431040857314424157449324294645730345700543655254744196 618156901862417387873798004804079040801595915338713033146014414126329857974098854414 581241764243544330904235373578767636353871160239272758165736227194219797621044574096769 -31025575060078225337385450684611454411358704696079343998405362275771715 129543747710491778248480168549831105998860511763822594077123971166956010047062709297374 -115507239705976011408316766302371616521888166554359500907227721432364759956410992865783558 -819570713582388837807702791278587455847399082919391402192647778073771778304 2934283512362654358482010060830042937586566939577671665401664785738201 -3709069038673874751013777011153750883025143622877667833326554062322857430241546845 51561278482722486483710612063753767814843107892318003426375 11245010689158508393702097063205283258384751930615952556914221838668316960 -129358399657384392762748822421247155126460826311448589375844804656
-14758378354876274386035061903034640601206117943976607006414732000081212749368496304176076154 -72566139563790088283386559896083581554201026479376740658035394462631567761205430280371077947 -60716126710628456656336688902966583923339711184320603675838083614395981215305478794772596298 1707732494112279854229853294662092424081460906752323471943653995479927696403804331404 43200258901868457937280224759002255484827669888361253921409923369796609463381742128681482660 155874316582401500521642030237547560967049689439148401669103131726394343613756384169416505439 14466256791183979987491320986808767457867960754862381070398622871983098633429759140866970002 -181999826284294356551594675676481549992192504708227517195530868523049473096921446 -92810212688591415681367943921951184137534376634418979268136892500087828891558968400070817174 -56581891279925463935412827720880823919676791623518054868655435268027186 275962682716987471754691624577857638496252104186414014806946181033964866899991686421545719705 23775802275706680152531222000650835007722409245110317717854574811345249643058538244018603512 460906729176313098425851732030938816835605140737450941405648885049612799201475776355694 -197603846097525637464054684204771825255402472099977066290598 652330797591038862526684670160174209352091427175247609779988865083967230506415555228847838102 135622180940348379235407860774580773016270409368296464027400269793885640728576420513706128185 237884430604895841338992149725712380607110007026598369259717411072308691364629798781276343206 101155782479365487234471312077804747168486553657426073074081818298650 -11555976381577497256030529883550510648430024131589919707135084743033896551643192 -26871870572623859396322041332728671825970948683064240759484692291026489170278607292 14517587867957351549589012033370777320812922468566306 28466675759077546225269680441687627261630225121924960381534890635425802014083033971377152066 -181731800686680706992942031219480634440314414670772661160492524257853235952314335393266048070 -14286926602237878102263990486137876829381348273570123286324765266562797895523555 2865746594757874423841850040453290707330350384386606046844237723265225358268966832075 1892400927665420832598149903268152055761940251976129465683714797 -156987486770321230477293485412914983359286427732551218081069749342328019127556986277948 766642049464827063442405225428285235560770007472115270334559897 263615088563606613773294868885332659045648018209006290966494773745070949501645592790749845544 348076599627034874434843602535640661382954431313368198996263129776142888089777234253151 327290136613472621201983597595742844662036680311450029311065984911784177260750038685965790 -17470122287478644006037825549317527508670335136235519391505631190362810964 72944501744067491557108792472288373415049676578510532753244798319159808856058665371719114 -65040715565947735893863020808744468099180368437852633931280140784443185312942715340582170465 -461490256402820957886784189667767448930926581680666845849398129842680421518247 1652259198672164003284647234640196877619054883407432028849479102461399380 -2088531463247923173138483439658991088846468547023710549987506977094524524150629990322 29033526007096417541056106972368274568841484185235159428066150 6331928142611140581818836646763439527569303527171851782083955488913790634649 -72840134519696568120891016123758639730027228802066125661100869956996
