0 0 0 0 0 0 0 0 0 0 0 0 0 0 0 0 0 0 0 0 0 0 1 0 0 0 0 0 0 0 0 0 0 0 0 0 0 0 0 0
0 0 0 0 0 0 0 0 0 0 0 0 0 0 0 0 0 0 0 0 0 0 0 0 0 0 0 1 0 0 0 0 0 0 0 0 0 0 0 0
5 0 0 0 0 0 0 0 0 0 0 0 0 0 0 0 0 0 0 0 1 0 -2 0 0 0 0 6 0 0 0 0 0 0 0 0 0 0 0 0
3 0 0 0 -1 0 0 0 0 0 0 0 0 0 0 0 0 0 0 1 1 0 -1 0 0 0 0 4 0 0 0 0 0 0 0 0 0 0 0 0
-5 0 0 0 5 0 0 -2 0 0 0 0 0 0 0 0 0 0 0 -1 -1 0 1 0 1 0 0 -4 0 0 0 0 0 0 0 0 0 0 0 0
45 0 2 0 -36 0 0 20 1 0 0 0 0 0 0 0 0 0 0 10 10 0 -10 1 -7 0 0 40 0 0 0 0 0 0 0 0 0 0 0 0
0 0 0 0 85 0 0 0 9 0 0 0 0 1 0 0 0 0 -83 0 0 0 -17 0 21 0 0 31 0 0 0 0 0 0 0 0 0 0 0 0
18 0 1 -4 -93 -9 0 -12 -1 0 0 1 0 10 0 0 0 0 91 -4 -4 0 3 0 -56 0 0 -44 0 0 0 0 0 -44 0 0 0 0 0 0
1 0 0 -4 -28 -1 0 -3 -3 0 0 0 0 2 0 0 0 0 31 1 0 1 4 0 -11 0 0 -14 0 0 0 0 0 -6 0 0 0 0 0 0
544 1 163 794 6524 491 0 180 1385 0 0 36 80 -394 -163 0 0 0 -7332 -392 -123 -124 -1531 163 891 0 0 3633 0 0 0 -36 0 -441 0 0 0 0 0 0
191488 26020 126495 28574 2284797 195450 4852 -23331 426168 0 0 5951 -31789 -63735 -16770 0 0 0 -2417111 -12274 66980 14238 -518439 85342 312545 -17715 0 1234788 0 0 0 -15655 0 -208722 0 0 0 0 0 0
-35864724085583 -90904462703 1870883353442 9384838935282 -506940143630557 -49347219013034 -16935244465 4834402073046 -84823677202446 -11 0 7584189826 107116965594 4189749517196 2387091890115 0 0 0 541043983118958 -4307905937259 -468984610039 -4051906349863 124722607168581 -305976660886 -83348004866294 61874305412 0 -257879248641374 -17660 0 0 26286334435 0 41254250003179 1 4627 0 0 0 0
-631181861315478411109 -1599807832043534024 32925646630665337690 165163418408961067261 -8921619793019172438162 -868459769943142984966 -298028316953175629 85080430647823230739 -1492808563866489964981 -9029170332 0 133474899114966533 1885117471313751806 73735259713240282925 42010369422481111903 0 0 0 9521811945793933441652 -75814668616811070315 -8253604144836929252 -71309332415434926203 2194988296675538724763 -5384844737872086013 -1466838314079448769687 1088917934489902613 0 -4538406836695505783656 -15535395557011 0 67055 462612814662806531 0 726031900104559190406 111155567 3946775076357 1862 -25569657 0 1854762
-107148799180333707119 -271581771682324904 5589424720298680117 28037976113796675570 -1514525220310955490035 -147428858763266965844 -50592987952750513 14443168500902316351 -253417683282296626691 -1533590976 0 22658564884536856 320015649677210251 12517223671508836142 7131638141983543251 0 0 0 1616413237677607356583 -12870222039670499386 -1401123554543432980 -12105400688721763878 372619009857785068570 -914125837322085379 -249008999747928348307 184853615489251537 1 -770435388827604758146 -2637234143297 0 12097 78532687032623983 0 123250446552298318635 21259331 669989598552 -1303 -4890447 -24 354753
4958732105815956071625393 12568514634764968074279 -258672612531467205603569 -1297567619993475517888938 70090611303858099643570250 6822850287317061669941675 2341389503285306967594 -668414428374473606257509 11727900003419432470248714 70972952979966 0 -1048614207757634175490 -14809982832819093616140 -579283756518129204448303 -330044604253541784743212 0 0 -22475 -74805880040221896248885599 595620144372162649204273 64842503203756785276360 560225028260967611625971 -17244410217882168231882518 42304768443143566790649 11523870833204834078297036 -8554828099006348743104 7119 35654927794444604112332299 122048382461820740 -2996 -559809763 -3634408967003566594773 0 -5703899166862615948828561 -983855724076 -31006403804310667 60283825 226323880278 1106351 -16417541982
53949515252124341458601125909242 136741662488585795500856452391 -2814280295300791059822801769584 -14117145796885455797406861530078 762564789320473275490957982939121 74230560914321441786727944860420 25473614227011853657346979739 -7272148127549407620397877997566 127596027897488734350193058490388 772164398272613418677 -342 -11408607480259496818160537640 -161128162940231733941157034171 -6302433200803088660831076195627 -3590786118526940037177896115956 127 100 -263191244738 -813865496271744359251258594982936 6480168191701688756004112048010 705466950205684920420011508586 6095079964359870275038631054068 -187614001363850264513806837259286 460263168418412978156039325725 125376251834680133188153697220635 -93073959060085249164028128621 121788001216 387914900384250494804749333135764 1327849726786387871020773 -35084338881 -6090537849357314 -39541277450307528088087883737 62 -62056708959597742581945429962951 -10704044729221229925 -337340356260781090593485 655850241956555 2462333527660643698 12034825627180 -178617763953022848
-13398283597077611323302184501503003030216292181015 -33959592871148183194493500813541194176618580619 698922415556320966038249200177486497417850619585 3505972613174048185534756372200755072557172449819 -189381855623978563890361835755677814142607176159199 -18435051771128955290648153151471757315517567510534 -6326335020083734647021215843609940305984646960 1806027403907531385609753638270310394902811778907 -31688287830609633882087276268841566132074693510644 -191765904536511701869510034270276976003 86553362221871174621 2833311064129326619979217190871558252229710230 40015944767258088984268263552969696250804570523 1565200113131180557183108580542437304712179039635 891766506661597253236915289514551724298905271394 -31637324888307688687 -51317839570340568901 65362470081726984261222083406 202122311534500126489685664201321971329430908630938 -1609340339453041406172836691866095900860214538756 -175201690377542512863766334333707312218503475010 -1513704238633425294080492635591631094437101478554 46593664193421844437420701137137815506640266825697 -114305688029635601963615718120273651442079254929 -31137009675977041526784280412677918636259169292794 23114782276764009186202044146340052976075765807 -30244228363355322654812470155 -96338100955886604903697126608331792202162940557672 -329769547152422003861275686500428027149339 8713052188830412967697486321 1512576211878846242274788973922324 9820018708121554700618705822338583825682658204 3021004735663544592 15411693355470102658875712752305054219278816445039 2658333930666585656952093283517104280 83777986526821994223045315414900939099059 -162879453823036561467036668585648 -611516948105586126589939556957837335 -2988831501550556765229633385826 44359461731092208372917781706242268
15526510780629530846195279417272062659236484667107327441956128599566 39353845662341351061674726771266761352391193115538193592731355164 -809941537759792931593069472317665606081451800255579109589838771803 -4062872768785998861019621452891338332548730172440894799394022579541 219463888915046349852380787373960445880966634874337567382458692654124 21363335683410166144655382291101109456441047413142406797958479841210 7331230763963598390245183546054372069863848774852257763159040905 -2092902703074513611772418189734954693251623100235738688175546151415 36721759101215569289814251427156030804523790664162997849056713488582 222226627953505550222011790581802191660498415412295319870 -100301781364817007700634683698187788089 -3283363459456566659507289348674543848709120004431216198697293418 -46372208299981513876629274233453029244174066438602860198712666353 -1813821617843238367073313268440651804812018778562158825092224026404 -1033417614962686267083916336072487586517083847758009699952837040562 36662701040221057107332186022978290465 59469333497750114669166585326092206761 -75744858587237446636827420100324574754201970004 -234228080508064650602720502228912324072757637747342318562523835167800 1864973222067773868360010060742876077436481514842632429839721107262 203031299846852572666356698607329539158292860270646278818882837638 1754145970231051843668994268934978401822346533494179999262256906839 -53994754191200287762349255890339637965594030872370872352174456579891 132462377335147588716722447134828000622743860970253953568834156228 36082914121632105921294992455373973671609676196407949302608569960885 -26786409886887384704614109390360400591968868599534178518014428993 35048320505583034086961587803703007839582084096 111640759970419433016476255809126689670753976699431939100581758695550 382151220481867770559108417055253325781123373922053331567762 -10097061893177796375367945291075330978509791944 -1752838764017740300963541986125618819814475336203160 -11379862594555721964655227263186769663902011391762150808691675535 -3500871329652450681500279258739989860 -17859737129586968200644459972263296777137762435877343798428229307063 -3080592385879241008865653608903992915872444208130095860 -97085555889551330918097839895912538143227309437347277536694 188751758940080444217126956912537025786077986799427 708652300013265119395287766125080108358539917709483334 3463587271763066208736751203454821643385976953844 -51405663703144305354778433175043273355218112303020472
-8027843181789603299587244890825245864375076582538837367131780128024964161847060156 -20347553036305427903762148315090613733530986958958242921163738336821097558099280 418773009816537137348754228622135400279375380304719877187098421831316273478241066 2100671935646245084275185024726405650151969266962833348373176745974004897523182820 -113471835956452523577222360726305868716594166064213840603975118708965687071086618732 -11045721162304388344109131511766833010833537799812076773854338568777983466964041351 -3790547131557467126386852490888415098610264485679793887044895935084779437547543 1082116576764102755414397352050593281312009991619313039100439017651003343403088993 -18986656280288946741238593206386718320244278957159409720294286888756648872944865216 -114900285404388269209378784977653055105472532036579274402015331153183817 51860136706017226000223547582029827244296175266182819 1697633636671252837960894037077876510369698251779434506821248269047824046023780 23976334508456767717620955018563608510986150848798260128052932811394646633766438 937820204005618952062588381236393581157952305159997106975661656364943594188156792 534319311752225118334811279551192244585264864661693135899626771681388207766127307 -18956120839391562703197749277275194518842932956480639 -30748085657538084062705519286381075776321994213451685 39163199971740036846877060244554542677063378894992131374935141 121105528837567549096520918319931785287369670233833849084426522648401662611298098277 -964267682322758798789116033493033087417156610527495239523803676693580336271984720 -104975513120363197948717412336945286230019318270096177230955682719352708455990842 -906965445485112094150853387618802005468269342984516282141936391996888863080734088 27917503514505524130183281285905483470299826910736207230629710428731881233427185141 -68488484486821103944740590336471774337685695867425389964781858617623979162330027 -18656347211752578199863529842429244787199391803817540084581948561403132515058453383 13849673053610034195311695857740077628990536717122097616890821631049137345258671 -18121419859183166030191187378482937016105958127443535769778679 -57722853923913161538844363973582958014834088187352191313202507914755265858979618717 -197587862018896555114214432502390958267991202128131501059219506084771168127 5220595317293076368305286013630730244566230572899104017733349 906289566233489239383568243974151026673813420809247902514020234934 5883855917800910357347894963337769459294770100505930299621690259371116576416804 1810094130687462722196498383178973315595297201081790 9234216944812898843462582244679053005655060575829542496693608039786394160053703276 1592792671210248528029596518304074143789258534033812153402312624302637 50197216162083997881062478176512163198096143439208486691662055436774234032 -97592404530986463164344858900625188223275921044146680533076113414 -366402317642312501042162643328741776461674991702852396248261454264719 -1790816742860562421233038126033733977646495823415792369978768433 26578837492548606186021911964613745502916626595202639514737414955451
-64587662130797088805245500048556463738141522410563887375546208713043549320283730671 -163705350358426131153089685080413394160712838767434165234658672472884444726945439 3369219982881866159391245024022761518624717213661633213330451962511266874783786986 16900864423328378974621536879971099994704613336276302743892129459538970475973124051 -912932706351496110410478665269304138586119967176319008017713895864268665216486367553 -88867867778014183613779774779768025046047598274627129098767569590571056963660774782 -30496681596777129384573002602161930302254690342876388033293228409437245585025134 8706121714574164905598752120260554735933622175008294763642012911037071344542305023 -152756314872546615557835016054493390174301001850697339906227742298578558817208848548 -924425234073447761734508207703780778276619036220433332073061024800717489 417238467640133638841914735248943653687085520154226179 13658237370147082804009095111351739563883196116084798821424307276102263001052697 192900553398946831698093157227536688640162833459477726544052314280234322637338261 7545191542001100201325322070467498617213548826966299144613597415894919025833230723 4298842714777536430869812963276887024408059339044259290606267507337135157896695758 -152510643314815027049449573709812235071240758170484011 -247382381873478660684224512833904785646243830260719924 315085817006668156983932863149577054474510564614166924586554015 974349249431728154616825088699557459860771917261726708789144364658837086343471482864 -7757973575117274621746540565901292347006786574585079871837346009711848397441722624 -844575911597916791915169893704237832322498261807122635271353802121373042613467887 -7296950928261859548107056473619498446354703507343496489708228610116622592008624083 224609056716559075465587434800955551543436715810209721518829594938148363001718239512 -551021114353535503320564729094632596893901364953667997192040152119081077116300009 -150098827670285469399955347191174722775133717087559229340059490563305180602696488662 111426940406322145485384985699936713792230959738913139688120277012080203810515806 -145795092989637038072872088370077394326739459975789628214106062 -464406703274932991038983956428745858504222421122575503739768316401272627324023851776 -1589684524751533671489498922934496541510306333195347500333092579997440610475 42002071893957897954054567088963568932865277975297806640603617 7291513171225940280717131694142191235408020054125177732207440187735 47338306122778474307013625602489294175142817188946683796093961018044787505630577 14563033369034827126130430056164478851392250036962476 74293489617107964403798998273068316873240515608492732957088018943295530056785448572 12814743955873338231079839143759519080497467847444401694239906128526071 403859512943365679191785115294035627357968741782823642809356079857152292654 -785175433505948488773786077066910075237766782083244075442946015141 -2947873863493575169952443579360485295082359879869640293130666534459824 -14407937986186227666448672534609134258503589132865567926597274093 213838877631813019767662598221662772906426713248937460087845779553012
1 0 0 0 0 0 0 0 0 0 0 0 0 0 0 0 0 0 0 0 0 0 0 0 0 0 0 0 0 0 0 0 0 0 0 0 0 0 0 0
-2 0 1 0 0 0 0 0 0 0 0 0 0 0 0 0 0 0 0 0 0 0 0 0 0 0 0 0 0 0 0 0 0 0 0 0 0 0 0 0
0 0 0 0 1 0 0 0 0 0 0 0 0 0 0 0 0 0 0 0 0 0 0 0 0 0 0 0 0 0 0 0 0 0 0 0 0 0 0 0
1 0 0 0 -2 0 0 1 0 0 0 0 0 0 0 0 0 0 0 0 0 0 0 0 0 0 0 0 0 0 0 0 0 0 0 0 0 0 0 0
11 0 0 0 -2 0 0 5 1 0 0 0 0 0 0 0 0 0 0 2 2 0 -4 0 0 0 0 12 0 0 0 0 0 0 0 0 0 0 0 0
0 0 0 0 0 0 0 0 0 0 0 0 0 0 0 0 0 0 1 0 0 0 0 0 0 0 0 0 0 0 0 0 0 0 0 0 0 0 0 0
0 0 0 0 25 1 0 0 3 0 0 0 0 0 0 0 0 0 -25 0 0 0 -5 0 6 0 0 10 0 0 0 0 0 0 0 0 0 0 0 0
-1 0 0 0 -12 -1 0 0 -2 0 0 0 0 0 0 0 0 0 13 0 0 0 3 0 -2 0 0 -6 0 0 0 0 0 1 0 0 0 0 0 0
-7 0 1 -3 -193 -16 0 -3 -29 0 0 0 0 5 1 0 0 0 206 0 0 0 42 0 -43 0 0 -97 0 0 0 0 0 1 0 0 0 0 0 0
1167 0 -77 -316 16546 1614 0 -158 2763 0 0 -1 0 -131 -77 0 0 0 -17661 145 8 133 -4076 0 2728 0 0 8408 0 0 0 1 0 -1344 0 0 0 0 0 0
508498 1240 -26787 -133211 7188317 699786 231 -68548 1202700 0 0 -119 -1459 -59324 -33837 0 0 0 -7671944 61146 6526 57463 -1768627 4178 1181980 -844 0 3656541 0 0 0 -343 0 -584934 0 0 0 0 0 0
69004361890 174899986 -3599617526 -18056596687 975361807549 94944921490 32582109 -9301472620 163202253921 1 0 -14592231 -206091619 -8061154615 -4592810652 0 0 0 -1040978199731 8288487286 902330495 7795938497 -239968503738 588701554 160363039799 -119046641 0 496164239061 1728 0 0 -50575444 0 -79373903198 0 -439 0 0 0 0
-9299384192139190 -23570429659078 485103036950129 2433400223305911 -131444794529676604 -12795267974408910 -4390937049559 1253514494504551 -21993978616205515 -133043 0 1966524139732 27773978766338 1086362822833416 618950874947827 0 0 0 140287598418442159 -1116999353241863 -121602727546269 -1050620937100802 32339394901956662 -79336468777532 -21611351444642779 16043341621981 0 -66865655338539993 -228886800 0 1 6815807866801 0 10696837137794271 1678 58148789 0 -386 0 28
-44975681586721743534154 -113996380558797644314 2346159624714404345045 11768933442809550116758 -635721581434855777804175 -61883226495809451465451 -21236394004942342931 6062516356403391232016 -106372009009331328946490 -643695842381 0 9510926928428131647 134326488700418046536 5254101497230014989198 2993503321731820593757 0 0 0 678489051174509893184325 -5402272473744088921826 -588121260662745505496 -5081238903473304685154 156406735947814796102493 -383704090982358406804 -104521465201330433868919 77592258746204161739 687 -323390061261775727012103 -1106979751043018 0 5051992 32964075688721627816 0 51734344033364718276651 8839112611 281228354426367 -486843 -2033299763 -30066 147479167
262136640954109732593845500712 664417463543894776700664486 -13674376495615289683560268488 -68594150693675867874277920347 3705245013753409391754372134937 360680717950536946613867358024 123774377493916467463729146 -35334821337462490223034979013 619979512249973817127090815391 3751889021699458644 0 -55433566527205049084510872 -782909636886807930696400245 -30623049370793467470043892082 -17447359945615680251253936375 0 0 349799 -3954511294199697953581334589252 31486650336926977897495227213 3427810903709242352850844360 29615535575012938372503865246 -911602335695554064750262894234 2236384152114297745275012715 609193787150208904138390585094 -452239373686505516440256698 -2445885738 1884849353836806654716182911837 6451922039585212575099 45430 -29595120675035 -192128096080528278162253622 0 -301528886020810135955892232580 -52010827905636267 -1639111440919710458321 3188074000320 11964449896653743 58609287676 -867901220288658
145307800720920293424880322626396528 368300440704263231690114064987777 -7579991746196043427904498365483547 -38023166633016876554819805685925573 2053894496095712835392682821913057650 199932835398657809879628052708058225 68610715822779989708701768911578 -19586827536682155156255555663521411 343667558602933177292523299567170329 2079750113996799325053103 2052325 -30727980677814725990599005767165 -433983120731103098595729527344545 -16974994183347112761014034983435606 -9671435068581344678034564839999352 163717 -48395192 -710152695869409 -2192067987881148320229684307358333216 17453706188782813429353104734500479 1900106989592396504832383990817928 16416508298550536556212253071901181 -505320164513607002370089238324355857 1239674322246827513705020494778377 337688806499744254689053844050700827 -250685705556500231845859934638914 331046068192912 1044811260644103414547465112721323444 3576434794382990453797201693 -94665902596384 -16404272904864293286 -106500605930350077573282784216304 34012625 -167143742752022360550051476251307761 -28830308385899131946197 -908593618195697132298872764 1766467845539539262 6632057016363639359800 32414506368885996 -481089658396487211394
-42635722327500400990839991366018784891792 -108065466857638790311844470960111250578 2224095483739784315696657553143023074553 11156628663668061034869723219852996127501 -602646760814339555484815522987690179022890 -58663614836335192590340425722896626195112 -20131523662169975250186615834772309113 5747100540971769129299092734333063047102 -100837770091272703725606843107219990308203 -610233228641615040925278997574 275428198883 9016099929695561884754391980305948869 127337856181932083487910848919851348144 4980745251950697772590139782694818907268 2837759693882127848334020399878236717307 -100675596946 -163302497657 207995009573573444529 643189158397656815698352469093516041028398 -5121207305862018788089621336714297030627 -557522951960421276376580502370935120582 -4816876216772416311080009019276156938629 148269329752419355081374565244478272446920 -363741037422765304122798087336380134887 -99083504915749871742519003522090197093983 73555349957489714693816756042282733684 -96242515928660339455 -306564978428265562730559710967559995425920 -1049385374073058659915044132597716 27726482355468283575 4813286634932492168869747 31249046779518211835491853184473814100 9613375489 49042750419443891204057548890758079550089 8459291557792864387670053900 266596459526633004356320841418030 -518311402780623207857545 -1945955734485056094569230035 -9510993632915076508409 141159699991478846586449480
-6641839211492491909137923992096041286202490584708898507 -16834556001420212831966197521784542450787805690415127 346472014254538431860108714024327185427335475646408974 1737991751546241263832365042287306570932007267041395018 -93880968074366436545705558204923855639404275254656128282 -9138681744733719987795110644000879742698963050327104263 -3136110659024654797768042205297614634741871213014267 895289575070601922160669703947457231509314126474627468 -15708617535481194302804382469412456307975107911229108476 -95062796286513878428831014768260217746778218 42906504485380426554799952 1404537856490385486582747038064382136513120292776786 19836829778559359658088494222049364895215190454845983 775905914358661437919039507818256422406733832090867715 442069292572115388626229080189588001330744086544483616 -15683354026453948315962022 -25439440753131383509393370 32401688888227442729347660645431563 100196706879690010750202841733102509524512068163743955482 -797787245938523962494711257653906702284592347898307658 -86851532036770934189986801013759558505237202377511755 -750378217770429122031030531946179562495857647191286362 23097557504640589768654472479485173879047052138644481343 -56663974556969062463235974542137583893803663159549816 -15435336197812195601983627134447109227508326250138472201 11458532443992242344024526265180977359099722628427674 -14992763842431013156741704592356243 -47757025879724964221924655702836210844411685480617827278 -163474395295738807503623322212007236560051540289 4319261587519137010306298782938282 749819028805970283309145722314776393065 4868010506018681729279009979395677274438373038473830 1497582090413022636812297 7639933018449204732869329136916605157978680632215603688 1317797642512463975759755383408485704704876 41530686519809508510252298565806076845805413280 -80743114243699673454570910167185476165 -303143101501882168601437144751402433548476 -1481632936018191546236825693593211261 21990011645262696562884942804949675631766
-112451333002861135827097111848721372862994543902232396389149767325979994 -285021693930110392613338269690532869418501689426137795266723352686587 5866031773803531521251822066982739632984598425568786493091796287983372 29425507451487212369821881419938180680173029208981870522054657355079722 -1589475394901840141745893357659137981817271698701931078823793602126319768 -154724754900125639686603318980970893392276340035531986499227064596796583 -53096712043493949217629051760512254297462673845717258894132335247092 15157925829648504646369999926624994577335314752669577403398190437986174 -265958708913105164283209424441438952910038290793362070528731872267249474 -1609484635355359698394700546366701625856649191152308750927031 726439389789152153181238983947498276624829 23779882226301868185212222466681508996538404612161303085688451556134 335852446908089727435518627035904600431070359256568645271484150976866 13136670668489265688500630837239141290246817792866144737610004874650140 7484565591914643893122090548452422500864522171460456177385531994002416 -265530978705254311628255058960423068041669 -430708864283708578363525603249842551551130 548584961334288452123895693470660402480418413035815 1696405602776737060862204356106562343899023296467302781377480889572386733 -13507138068509360831676782639244134034429993711210337410478790959727327 -1470461756131693275595672487307944259727802136504880957082497096521903 -12704467566542409825090539562411373719546109189077846780157179150958695 391059019618064622180299643750563937536275924994593113363254155984483064 -959363704731951238281902145345638509357266863570290807767957830032924 -261331850338674488970071165679216158645594316372244947186315038639761677 194001571937167406145293016907900902158830216110510194841574851700178 -253838767515062054182301642539119863981473875943998 -808562364944759999716906838476163120766652896306194440497846075769232212 -2767744457142864854742464829789661462181952649015060089648145924 73128347079549016596620764404075820265300061763875 12695000076822833219790276794349618602635528179977779872 82419078969351249035320839311546547074580293312161918924134760272465 25355191082729219561463298635623551187016 129349811794695945902712580891869395760222857105690612593662117665676564 22311305168625875059393291140314989264961305932188309493464 703145756915590210446738793745787855329436983993807958875629090 -1367041648914899514426095848345641764396767401422241373 -5132440694367269882483852710844448185480579263026994433569 -25085159903885885624071011838603207211102032112077731 372307435262734091237651611644961414577742714432697986651
-16055686430843717902164923560622740625189968956834396743954883036052318360484853835 -40695106243101008667442772927310087738376313144145161134020472796329850362803126 837546023141932284790366584512380632680834804062502343960419288452844138840392447 4201343888893814454465513893794117493936196857602595643187719257402416371623738095 -226943672863674440554874480184369990795090201291491562655933456582672443618650717660 -22091442417159791842188243711308740031401864527810668128450533175906282669260191887 -7581094294875557199861007038687336575107700238943488566554677435798303247979601 2164233162595154261648322270933774032078209288413117379059834268035975600632751847 -37973312719665225789681890530068755210561069817868855040595164596233827716686464049 -229800571771514769757424798762093654729690067414097558876945891349274560 103720273846565455240458899144416209394393166978477131 3395267287566811551906074197891310102554792398044935194918630199499907673007377 47952669217808892634888508539462600352796545710266532143946983596833597400789121 1875640415869141488440860953358961913606156000598157900887444372184238408565209552 1068638627981459387308206089919650706014672131532955907959184695026273785387319939 -37912241837614604246750840428490466855000545361895964 -61496171572711364581219696003227316169684816871095420 78326400271624688319015604503569114851818570045215298875977920 242211058689866456153279140200657529327661704871644182753919368907163865145210366293 -1928535372725022010897936496041384502178063186964571963595775268497103403538730545 -209951027120305932881837211478986359603359218962143400384947737610066068254814924 -1813930898569598774696555946756218311868914620872246445222186235872029423001463243 55835007262929074332733302053815533706302444572677700613667408163655424733438484593 -136976969547500507630394208590065932994785816320893904385919744996306081220648496 -37312694579824861391484895714156605946024210334861847223018624248710186087750768082 27699346223265121658542306247904027112449300705838862782056779201876582354730834 -36242839870203933187081553041071109417667256532893309102940364 -115445708331480459348493849555411012218263198065130863539826388404834973123346030238 -395175725693362442755047704826498001202400741126604640781862515716971007589 10441190678329009289286368685109389707140508334189948694692749 1812579140060689939147844027844263797973578052685473067133554076262 11767711884902072840430337907047832885861626996996512683827563378804683532733403 3620188276541526778770492651313193767819143881063162 18468433966998396527373212047440343293265101998538020525498621865780362952010794260 3185585355766350756711365464551111339675453124250300055426612251770831 100394432744765550728370620568334767711149365546587737263220573132341778453 -195184809879690119976855175221622631566312698752273849770427913680 -732804638354674114702772129563579797626556310520486387549425443864842 -3581633500726202833398589348822749348508793247696115283311138623 53157675207798687033801522360604351886646501890345255327151403292437
