0 0 1 0 0 0 0 0 0 0 0 0 0 0 0 0 0 0 0 0 0 0 0 0 0 0 0 0 0 0
1 0 -1 0 0 1 0 0 0 0 0 0 0 0 0 0 0 0 0 0 0 0 0 0 0 0 0 0 0 0
2 -3 -7 0 0 11 0 0 0 0 0 0 0 0 0 0 1 0 0 0 0 0 0 0 0 0 0 0 0 0
0 0 0 0 0 0 0 0 0 0 0 0 0 0 0 0 0 0 0 0 0 0 0 0 0 0 0 0 0 1
21 4 -4 0 23 9 0 0 1 0 0 0 0 0 0 0 7 0 0 0 0 0 0 0 0 0 0 0 0 -70
86 -478 -292 0 -128 -20 0 -54 389 218 0 0 0 1 0 -224 -26 0 0 0 0 0 0 0 0 0 0 0 -59 160
57 4791 2341 0 883 -452 0 -116 -3461 -2843 0 0 0 -67 -98 -179 -30 0 0 0 0 67 0 0 0 0 0 1 24 1111
48272 3543922 1743372 5 625783 -354270 0 -28010 -2641710 -2127268 1456 0 0 422 986 -203158 -13154 0 0 -1219 0 -422 0 0 0 0 0 -25 -31090 942773
83915542 6660816550 3280179975 3934 1175705953 -664156454 0 -50032126 -4967797697 -3996343578 1144802 0 1 1035180 867385 -372392662 -23735134 0 0 -959513 0 -1035180 0 0 0 0 0 -19670 -55786462 1762182004
-2376720563620897 -188652765568309660 -92903778202071809 -111480135185 -33299247559947831 18810749559748164 -542008 1417048439176342 140701784338141659 113187514256892018 -32423966944689 0 -5469373 -29319119650936 -24566762865687 10547191328873696 672244744634846 1 0 27176059231358 0 29319120257594 701625 -64601 0 -50 0 557122125398 1580027036910863 -49909873271709724
-289930430903182794344 -23013297620076074820582 -11333108695038185104232 -13599242456024472 -4062095205900040930004 2294678144553148545631 8843360535 172862334576039733666 17163872625277081801377 13807472922991688967836 -3955321679512074682 -2 -610795655974 -3576568892175584996 -2996840327331576792 1286626529140590138310 82005521187965494098 2 215 3315142040053262892 1 3576568868981483374 -14445078581 13631446021 397 748066355 -172 67962127226379293 192743701889369746266 -6088385527790919506969
-575939517295621920685293678 -45715337577355502059150285468 -22512935709941983557000322803 -27014553496093423360546 -8069250077706329724668111374 4558320486765606339658830746 17567517179785500 343386684951207439149585595 34095601775678029847875726295 27428198087270639236782520223 -7857147149922976498116397 -286815764 -1213329988673135083 -7104764252986999894995121 -5953148022988008591793217 2555851277234244271287070038 162901907679861591955317073 286815766 -12644331176 6585446378866269616479823 974529 7104764206912047809533836 -28695267635818126 27078618025959667 6905642842 1486006453940984 -577307019 135005058376970649447352 382880521655225499396869583 -12094424897248927486550179733
-493271915295524250618390072184 -39153576804470154874442335252269 -19281536659808742246592040779871 -23137013772631258119087353 -6911028539105622131771623708478 3904040979156457063436947692425 15045959832987637838 294098603562083540366092307932 29201682270413686461260318732625 23491285798797660897461593247727 -6729369850501032742363644157 -246164765989 -1039174408807569091042 -6084980393861771509216583400 -5098661646149525241520401137 2188996616609539269535840589431 139519747462119191365334701794 246164765789 -10827785302952 5640202922057824055736757189 41973701 6084980354400197538552306760 -24576486250114548560 23191882787992471538 5913200361263 1272712202653616249 -494676625483 115627078400335694418962117 327923683953919594990086395512 -10358449028601154225476996116685
12303928291713297918988686571437147745174439 976627264655180780279543091709273518900410492 480949020327248526876818801859962089793651881 577118115821140077195884169852267662415 172385244183617601975665482065094222753738109 -97380448320624403822772087878080557803943250 -375298907407223050284381771384612 -7335848680444277443154078410811694132307449 -728392177846387252362439319046796776225073052 -585954900301561819443461482414463322106503064 167854040584040150019661288671023577113146 6140210967077038446360203 25920647440249481881378317098980493 151780711816324868100003284635598239309221 127178469587810037101861194728310204771813 -54601238315850208934134439628523792171371193 -3480110897907913021570288815487507952343853 -6140210962020468284496617 270082868716750476075442278 -140686404702637550370803122959882179264421 -1046985493344059539355 -151780710832015075959686904893093131457929 613023598358572462860059129974483 -578486741136118347301795447849908 -147495916500935631717229796 -31745897530081078752178965939624 12338966676731292711351890 -2884144093964294332094837797336986495600 -8179564591886853380020917015565679798273175 258375979068095742232274377380074468842687036
53317813115644797321047989090677465402270369 4232114227746155687654510960554187240796003324 2084143322034098861082500228365876236237654978 2500882247966989676440886326481584050277 747013800419106668955309843322107570580502027 -421988199343915934961673148957009297324368223 -1626319378106325904159709377710614 -31789148938067583027180539519717769285505034 -3156412902655441952899900586672593543165598647 -2539175548472299182957176856732306214685727877 727378293694484323851356908416811401875302 26607975361311107929691943 112324470956689335972601778807241190 657726169668326995921704853674563764730749 551114872669039833321059898754418155146508 -236608874124208994623828636302804181625153354 -15080704152131821154083551876042832516888567 -26607975339398983820672621 1170376450395561160232655393 -609650126041387061989623709124196943022310 -4537004405867713606854 -657726165402921322143297758893781089808122 2656474979196349839358114618636152 -2506813045598385062157113863369699 -639158448006735503922740721 -137567595613935298878600472937561 53469648368579576803230900 -12498143044619930127796657636075079788641 -35445305429103755533018235839325523999602130 1119645843092457903899181128592303594846987811
1 0 0 0 0 0 0 0 0 0 0 0 0 0 0 0 0 0 0 0 0 0 0 0 0 0 0 0 0 0
3 1 0 0 0 0 0 0 0 0 0 0 0 0 0 0 0 0 0 0 0 0 0 0 0 0 0 0 0 0
0 1 2 0 1 -3 0 0 0 0 0 0 0 0 0 0 0 0 0 0 0 0 0 0 0 0 0 0 0 0
6 -9 -21 0 0 33 0 1 0 0 0 0 0 0 0 0 3 0 0 0 0 0 0 0 0 0 0 0 0 0
-27 -7 4 0 -30 -11 0 0 0 1 0 0 0 0 0 0 -9 0 0 0 0 0 0 0 0 0 0 0 0 90
0 -44 -22 0 -8 4 0 0 33 26 0 0 0 0 0 1 0 0 0 0 0 0 0 0 0 0 0 0 0 -10
-72 -6069 -2991 0 -1071 604 0 44 4528 3640 0 0 0 -1 0 333 21 0 0 0 0 1 0 0 0 0 0 0 49 -1599
25640 2056389 1012825 1 362957 -204978 0 -15344 -1533810 -1233715 291 0 0 329 229 -114598 -7289 0 0 -244 0 -329 0 0 0 0 0 -5 -17119 543654
-37079480 -2943121574 -1449366429 -2351 -519492250 293461753 0 22108185 2195050149 1765808364 -505877 0 242 -456937 -383446 164545429 10487896 0 0 423900 0 456936 0 1 0 0 0 8840 24649407 -778632800
-20174690543789 -1601370909670085 -788609736856267 -946297725 -282659234779295 159674240884872 610 12028554904977 1194341061987744 960787360419298 -275229442593 0 -42506 -248874084672 -208533909413 89529381203469 5706320677326 0 0 230682804013 0 248874083065 -998 947 0 52 0 4729116838 13411991724248 -423657818710708
1987625393069534057 157768243179705139243 77694412947626260091 93229950192346 27847796297757761378 -15731223986483121837 -60627286 -1185062101409265916 -117667362363918671168 -94657479417960344908 27115807690366880 1 4187324223 24519258389004109 20544914568032896 -8820500672351767405 -562190922068238438 -1 44 -22727040000302300 0 -24519258229994787 99030278 -93451046 -24 -5128358 2 -465916080012926 -1321359317254511388 41739080786160696725
3928831268977734347229746 311851926030623204562614033 153574330493987575117409082 184282584031207635342 55045227963097147380370926 -31095056902015182324620954 -119838644023015 -2342447956205149287535149 -232586690734296119278869404 -187104303595948666198872867 53598345799445865402140 1960657 8276856607168992 48465887680221429941608 40610017891102715798725 -17435005092210766536042925 -1111252292035821202059896 -1960657 86241582 -44923306834293291538628 -343 -48465887365916356144492 195747750210334 -184719606891331 -47097701 -10136947478919 3940017 -920951035470193958541 -2611859267488731184465450 82503376291550075315333503
334537534387479942493738623457361 26553997177745101016015328112573647 13076758545050599504345221951486197 15691547198562873423829120881 4687066860818054911483029131755828 -2647724718996453014866266694638512 -10204185863703918044510 -199457983825241058558903788005933 -19804611784674663545370140776075642 -15931814861207239143501460194044652 4563865746176380214578229163243 166949204259405 704769182556795072057864 4126840135504354210369023460877 3457917718175731429287034804711 -1484579819356554391771936755153562 -94622440214091634795066726042466 -166949204122433 7343415439241461 -3825191583955975463520300583231 -28466998892 -4126840108741473028929568175622 16667798954447638679773 -15728759422782473700121 -4010338736420949 -863154761214239191775 335490210206932 -78418406799628153912291158731 -222398189103223975298582872360519 7025111081036361355252170258544948
7804714047947069616676542543539277811 619501052943882216947231520084461176765 305078954159912954239789941346897679720 366081608985611949947256897758731 109348616558892462087891440314243311246 -61771048642671234155588196313714519669 -238062233895908763645358393 -4653326961311873052207603650037290825 -462038832482568762369931420195986003087 -371687020065541486756682405126036180851 106474351726615388092861998846609509 3894901665217066167 16442166795221792690193021061 96278605144188673477519551801449027 80672738385260348927467499156569002 -34635040258324016927386110758855092246 -2207528341302891749275187064254361076 -3894901662009473845 171320858640175570826 -89241186481666761048302899363078204 -664131177704906 -96278604519814385842619155785922661 388857426376140237459202906 -366949764989851753410769844 -93560643742127975287 -20137280268821431420794006 7826939841960198072 -1829490500332901311522826749397962 -5188518752940511938748565988767198700 163894862329699429826013678125281718276
-638845568132671414978942924732384315021861822 -50708520478187621834628821818906048620216325713 -24971874254236941582199818516141939242403862514 -29965173872943128638885538192177998529321 -8950600706308036515097150970676352662015074137 5056195578960154674419761385307169421177853857 19486300475565630584001595349629466 380892533415533256100287840966214907450272542 37819638057633119925869445430317507449835713184 30423998117364574213113264856437763282266406134 -8715331183496653463375412913439615049392726 -318812534559287732495087532 -1345853970189792652058228744314688319 -7880770496458999286433911737278561139214501 -6603370869187228900455645685357711688044403 2835009948499910920021705650466993269746759723 180694601839970432545802749942140637354173248 318812534296734258518453256 -14023264734439416240639129237 7304730977774923374652526978769659392394745 54361666158518889172831 7880770445351585989662340470941886950426471 -31829461265299966338421369732663713 30036235748157154221292941725017395 7658295004673510900724494377 1648313080396063135413693705082520 -640664834016891311477451129 149750764845244460416096104879827144085494 424700019773457391268423318052903947538885203 -13415418655419376879317043832437131284291647681
