0 0 0 0 0 0 0 0 0 0 0 0 0 0 1 0 0 0 0 0 0 0 0 0 0 0 0 0 0 0 0 0 0 0 0 0 0 0 0 0
1 0 0 0 0 0 0 0 0 0 1 0 0 0 0 0 0 0 0 0 0 0 0 0 0 0 0 0 0 0 0 0 0 0 0 0 0 0 0 0
1 0 -2 0 0 0 0 0 0 0 -1 0 1 0 1 0 0 0 0 0 0 0 0 0 0 0 0 0 0 0 0 0 0 0 0 0 0 0 0 0
1 1 0 0 -3 0 0 0 0 0 0 0 0 0 0 0 0 0 0 0 0 0 0 0 0 0 0 0 0 0 0 0 0 0 0 0 0 0 0 0
-4 0 -4 0 -12 0 1 0 0 0 -5 0 1 0 3 0 0 0 0 0 0 0 0 0 0 0 0 1 0 0 0 0 0 0 0 0 0 0 0 0
0 0 0 0 0 0 0 0 0 0 0 0 0 0 0 0 0 0 0 0 0 0 0 0 0 0 0 0 0 1 0 0 0 0 0 0 0 0 0 0
9 0 10 0 35 0 -2 0 -4 0 10 0 -2 0 -12 0 0 0 0 0 0 0 0 1 0 0 0 -16 0 12 0 0 0 0 0 0 0 0 0 0
-135 0 -241 0 -314 0 -54 0 -16 0 331 -189 -115 0 340 0 0 0 0 0 -63 0 0 -290 0 0 0 723 0 -46 0 0 0 0 0 0 0 1 0 0
57 -74 204 0 257 0 117 0 42 18 -433 210 129 0 -273 0 0 0 0 0 70 0 0 387 0 55 0 -541 -45 33 0 0 0 0 0 0 1 -29 0 0
-4684 4061 -14400 0 -17115 0 -6049 0 -3062 -467 27493 -14365 -7577 0 18479 0 0 0 0 0 -4788 0 0 -26199 0 -3614 1 34991 -1008 -4814 0 0 0 0 0 0 -311 1992 362 -333
-1783907 1937810 -6206186 0 -7462723 0 -3226681 0 -1397379 -228564 12402939 -6347170 -3611125 0 8191873 0 0 0 0 0 -2115724 0 0 -11671959 0 -1696245 -2 15504641 589776 -1403744 0 1 0 0 0 0 -11831 864975 -665 1174
-37389162756 40614844785 -130076366709 1 -156412303090 0 -67628497800 0 -29287878589 -4790500170 259955025075 -133031274547 -75686105961 0 171694675929 0 -2229 0 0 0 -44343772539 287 0 -244634318154 0 -35551856044 -42785 324964038668 12361224212 -29421260836 0 24831 -701 0 570 0 -247955770 18129139521 -13943108 24610409
10537133312225 -11446204942729 36658535781971 225 44080613824558 0 19059278134580 0 8254002551563 1350074455235 -73261352962433 37491296948688 21330099358771 -106 -48387540215776 1 834143 0 0 0 12497103034449 -88547 0 68943621723955 0 10019336731519 12065660 -91582401522215 -3483679718105 8291593680224 0 -7123608 -6760 0 14283 0 69879831815 -5109211624561 3929258536 -6935382717
1347864309693548758 -1464148802771994761 4689200616719711829 28950769 5638600591166380211 0 2437980046842871986 -94 1055816142941538336 172695658270592501 -9371273952031065013 4795723806837811948 2728453631174377417 -13642014 -6189523901633201086 128682 106700185500 1 0 116 1598575120536564975 -11326790501 -65 8818968532449540168 0 1281630020904086266 1543386933538 -11714822879256628552 -445617173031406409 1060624636786560398 0 -911221068758 -864867254 0 1826905620 0 8938724458804548 -653548151605148876 502613679357460 -887144023108788
-2587052367886451323801262 2810245512035560812356497 -9000318111945061418252853 -55249343519554 -10822569383307067384059116 0 -4679389466494302978580442 -9284896 -2026503434362741114603757 -331467127988834999155806 17986956322943853515371164 -9204775689200885582123640 -5236916191364941372441483 26028446067316 11879995894727035693969016 -245606458332 -204796852435971741 -1386342 0 2943761 -3068259557794805888803141 21739864855967657 -188157610 -16926877030652616844880232 0 -2459924160383864473140411 -2962332677695389171 22485097387910466240239287 855304910418662093469945 -2035732720500821992537414 -16 1748971607730909547 1659706874325042 -3443 -3506723672360551 -831 -17156733146237259109497 1254401708671434430055138 -964702381413898428292 1702758971399292461436
73141614067907829009563025172265974 -79451771146519275849187545781714172 254458627124775723005218595094649516 1562109509837903658167432 305977645788322431972493824021447144 0 132296548257109789690361784253363236 264156994459049619 57293672885540675974306110237162814 9371298800326877851348297470463580 -508530493607239501303004894123443894 260239088855870249646129002393174738 148059045007938056684171223247065823 -735925017724325241992530 -335873400031070809150898157783873138 6944125262513769483123 5790053905995030717707949181 -20474944469776258 -1486704289 -16239268140759312 86746391075083014950148589678724879 -614633532291937519285118897 5032160796976204117 478559739462246552490871850399069340 -2370227 69547422312950965631015782631145968 83751607165442399719919154607 -635702754161663966039598304544880756 -24181335656277502112710243925024491 57554604938255307365636853716714048 1284252869899 -49447242758619588527352833708 -46923617014451019757373285 -61844939436150 99142667257622774862478007 77035847017232 485058273278185068063080940764745 -35464672768385862721560150085405785 27274240810740100238249139225920 -48140710672411804095417235139459
52580048039794486379925795710337606492846 -57116294150305425923530814749155214290898 182925233587801390220935571043610810007262 1122969380841454762089939721000 219961228907474273798132617822416793961422 0 95105350784293936580947564711879234388551 189897194719133644720981 41187279103535517102990209778392882013328 6736839860533724430445647383929861667497 -365572432661163666416260984988724829937185 187080692274165019426725182871362746639870 106436695422329511875070313927477535434975 -529041822159190038157607174630 -241452690564447840249934434819367745048899 4991993197402375564780237458 4162354309648568458323896864436301 -14718964913463195247915 -1051454985461244 -11674158421973176402385 62360250975209753342031138761588741081256 -441847791665680924815926929921076 3617520375085011232484184 344027055069831061171892763597076164080751 -310582443664 49996255248943502832097124390180549837069 60207360533230793915840169456515625 -456994035185174924996922591776711819407037 -17383480070497104460444057313681646669685 41374857953711279336259833468568467829921 923215374953853116 -35546636929145418221586533193578585 -33732452698179372065363730591750 -44458929234509802124 71271686763216170472242438070224 55379476614556809742 348698721460909516660705991312096346233 -25494846150729191303110939228272437699841 19606907919015503831541399108767709388 -34607397062295433988338339918563797447
-1006533054944620358816163315441480801969949308822052711722870740 1093369827176886163479365122017797439345257691403118321281259913 -3501714073183027471581748766879412892678119531993294843860702300 -21496857527634092058353124712033218890852591291253728 -4210689338550067502328255151086483390712484256781781127360701610 6659425068609710 -1820589421942819467353087642643644481034681313813576628508377960 -3635177422839229766915301100239079641244754743 -788442753600427564712032005512894090356679738721828889365109111 -128962453597678442668988039378323700915976999547218753784934550 6998105767638164769456380587639543231634423993417146785548118102 -3581261481034693839327819043935371877187313604953281974611940965 -2037503885895387394219980632739379911355066920873181186484227375 10127379135301364656149360541491065759692110860155756 4622097607718003516686894333097794589128022712344694764747975823 -95561079735822459945513334139059691021836095470066 -79679409875808380918969046724488706781738208022284899752 281763240473994358519669600250566112971597473 20127866711952816473241898384043541895 223476903853016281941044210949388295463088366 -1193754214025941516123674729793971676372325492599336145410885639 8458235093836370528037600914303411028970536907320964476 -69249724376496728314677923945647997834014864341 -6585665392716359439130561537214567898439385746503051440776552890 5945439524816386734676134046392789 -957071843932586982305228564617444964944004693514331475756393185 -1152541710912857146498073558990445225180169799099618608537 8748177673369073474462845810960465130366147668145827298848524690 332769709295129882121778691248062256372480056875425962816934229 -792033551253703104701720558333646091325794008739058743623668908 -17672992444222517035464760364018863706763 680464670443458976747511626829693998977384105529027805769 645735976493909888683276443425441797364771355795475787 851071528654935588545734919910141923553050 -1364344676036481321265724611033150679288604286498416174 -1060122153861423082627527790672677008042734 -6675094497854025384832976696854950434135009627272944359586909 488044540431288045821965504980397599029514991624741743368399155 -375332500852954338221783035810526272718046339882273925734366 662484923224688878166209941948603183134485380677624845236884
-2477897499114453432656829224284682663013740721626530602139 2691673509438666470932516484963632282106062805417661614827 -8620569887823022368725943011998360879173508389601040806248 -52921271929290976225651996630678828192346711746 -10365935356305974650297004113657843952489831120755835450914 16391284239 -4481953129492155370969754822029277847324576733155543834624 -8949131874646929667909531336188087079801 -1940999669850787516151527060980226884428347992579882439041 -317481616405467358240709701774875977687072621183327703334 17228037067419632192291148516385993226605862175315435261806 -8816400836452450715891119746037156699535123823720191430250 -5015956265414396124068314265235992344552214538829609753013 24931727089010362902482743170369913660445630011 11378746129164620258104699277454488968020992425085750512864 -235253635563016467189789354622635025965296098 -196155913104159419522000345502082865528442578601095 693648783299331372988521279555625472958 49551070720475306495592983681177 550158644514360033333313057544435681914 -2938801231575022868158252479425517608865261153174536307729 20822604367516171881464685274205777309149742561071 -170479963875928113822883447145554505257730 -16212685441825181373230733160377673642301497849740447733240 14636568225262425169253347998 -2356133181024936708151985677023151384711650715204492471766 -2837343700801950474852150583095394421494432530485300 21536389164926930824817046691099452976025637603640958725645 819217239208119181005657051282762352322544592608384150182 -1949839546972723723242946683885441894737970861493004866155 -43507626067796693803183263046823722 1675177677319656904278067340691724940342039722560544 1589682080863727644030532873833473418968448848598 2095180085802159878516722701641408586 -3358763275655088481173850939715542778182261056231 -2609823910803981673807955075032971329 -16432843294446184692886115799203673075511847446384489732 1201475043715964857055743635122705566923140193517714046790 -923998929425203769107281051286027630433416799463579492 1630914877951829153340604424251982892575885334094927301
-2112824838737693393466190192168308312085300604944930414261138973 2295104882484725043324747957152452303833916931621744024716897983 -7350487334353374863274397513811589702231822439640452387868348481 -45124295040354773170261223746281722074981970254120615 -8838705275492473080448535206349549067537847022134683311170667668 13978873943957957 -3821619700344096402180571501726345516113972868380030515269341883 -7630641750375283704290999837730229988370224661 -1655029038088949012090771889795188285512847321699593001397593691 -270706534561573691767663085333395383175010466971881349295876709 14689802403750111812661177945585510203843395554891648213517607804 -7517466191471431207579115134422804476084845154142098169747471821 -4276947287519734081730496846884386505556582084898407166873635326 21258495270734923238311773208707134160892720657879152 9702296993310347790957959113945389261407827943131869187036645028 -200593335599443116027738249097580394473935148049509 -167255944049281114729157774635626971200233424400383027952 591452382206594770477212574032455650150692875 42250631045748737197509049270788380078 469102878465155708528423269370945616734896366 -2505822876210035030062276784983062410622547639895820867674532301 17754776269243916333782020747962701786730148328180418912 -145362874095030648536147327017126408422999898476 -13824044181154011847309272349956152961044324725834892806185462493 12480138872275820443689604089231321 -2009000255265846846357555911360075756823661859686891381787953264 -2419313248119708634997328336799202278934603187491457364455 18363397993920488626401002367458590172879284130727164301188997698 698520633698369424667638017976992541197676621754121541221350032 -1662566521766659928197418938595657056685863131856501835568808266 -37097576902758910245579064520021866899662 1428371031168471230945308382871290468501933921685417577149 1355471639704805984110036909926794759171206846333350317 1786493803110660754821321363734509126445489 -2863911230702713046969767656978853661256487096268237049 -2225314318065544818722730281118389582817085 -14011765820013990704608677189933329442567197898625241025858708 1024459775432096528125684256895911271853581954267073463212906990 -787864667426436462427657117314543322637238513449721199325997 1390629541873683455725496519133168898112388357381351855967968
1 0 0 0 0 0 0 0 0 0 0 0 0 0 0 0 0 0 0 0 0 0 0 0 0 0 0 0 0 0 0 0 0 0 0 0 0 0 0 0
0 0 1 0 0 0 0 0 0 0 0 0 0 0 0 0 0 0 0 0 0 0 0 0 0 0 0 0 0 0 0 0 0 0 0 0 0 0 0 0
0 0 0 0 1 0 0 0 0 0 0 0 0 0 0 0 0 0 0 0 0 0 0 0 0 0 0 0 0 0 0 0 0 0 0 0 0 0 0 0
-4 0 -4 0 -12 0 1 0 0 0 -5 0 1 0 3 0 0 0 0 0 0 0 0 0 0 0 0 0 0 0 0 0 0 0 0 0 0 0 0 0
13 1 12 0 31 0 -3 0 1 0 15 0 -3 0 -8 0 0 0 0 0 0 0 0 0 0 0 0 0 0 0 0 0 0 0 0 0 0 0 0 0
-16 0 -16 0 -52 0 4 0 2 0 -20 1 4 0 14 0 0 0 0 0 0 0 0 0 0 0 0 10 0 0 0 0 0 0 0 0 0 0 0 0
-39 0 -42 0 -156 0 10 0 19 0 -51 3 11 0 50 0 0 0 0 0 1 0 0 0 0 0 0 63 0 -56 0 0 0 0 0 0 0 0 0 0
-66 -1 -116 0 -152 0 -25 0 -7 0 157 -90 -55 0 164 0 0 0 0 0 -30 0 0 -137 0 1 0 350 0 -22 0 0 0 0 0 0 0 0 0 0
-206 194 -704 0 -816 0 -338 0 -169 1 1343 -717 -383 0 919 0 0 0 0 0 -239 0 0 -1317 0 -195 0 1676 0 -194 0 0 0 0 0 0 0 97 0 0
-3180 3451 -11057 0 -13295 0 -5744 0 -2489 -407 22093 -11307 -6431 0 14593 0 0 0 0 0 -3769 0 0 -20792 0 -3021 0 27620 1043 -2506 0 0 0 0 0 0 -22 1541 0 1
1383760 -1503099 4813927 0 5788633 0 2502712 0 1083866 177332 -9620548 4923268 2800987 0 -6354138 0 -26 0 0 0 1641087 1 0 9053481 0 1315674 -6 -12026532 -457282 1088966 0 40 0 0 0 0 9274 -670930 476 -887
1197357249 -1300657026 4165588715 0 5008975495 0 2165747002 0 937920166 153411879 -8324846004 4260217169 2423785328 0 -5498380859 0 94 0 0 0 1420072850 -10 0 7834212867 0 1138518907 1371 -10406706376 -395858061 942191724 0 -809 0 0 1 0 7940596 -580570769 446491 -788084
-2503100253653528 2719050584858989 -8708249909661102 -21072 -10471367531854912 0 -4527539181537236 0 -1960741623714742 -320710729503729 17403263843020180 -8906072659513892 -5066973676099568 9595 11494479627210279 -93 -198106424 0 0 0 -2968691848907212 20987993 0 -16377585051863339 0 -2380097467781389 -2866177421 21755436292335013 827549517066119 -1969671411568928 0 1692199645 1576032 0 -3414909 0 -16599982263171 1213695274947722 -933396949767 1647502946316
316991115748148968 -344338936252055199 1102807548779762999 6770189 1326087707640421034 0 573364848124818846 1 248307143952757484 40614614547155799 -2203938901469293701 1127859703247914315 641678509173952784 -3189504 -1455654010138786815 30096 25093726494 0 0 0 375953356299816874 -2663782893 22 2074047554152099660 0 301414116674013503 362974152887 -2755095411741729101 -104800374829672043 249438006917411779 0 -214301213562 -203364078 0 429677961 0 2102211787485776 -153701642132973773 118204829575566 -208638786324702
57041030566603454583838 -61962139669650631765785 198444927866704154267883 1218243921087 238623121304168738667504 0 103174253797347005329146 206006 44681679341979921182148 7308405045887035062886 -396588232288243531825853 202952942879694090382959 115466969379685825341889 -573926584423 -261937955865913784258522 5415522135 4515495672739164 -15881 0 -12762 67651002892311271807133 -479334924938928 3924855 373214907470698922747396 0 54238024311280971709458 65315457488856816 -495766202229869704195957 -18858324688191800833273 44885172707342122777353 1 -38562475296282434 -36594372406033 -48 77318500446556 60 378282926145935362257 -27657873143705866388377 21270392014071562635 -37543548689171011960
-35769442890660963727613317515240 38855385225006122268938000159435 -124441379192495179978956243385478 -763939757254837003460 -149636428814420247318135447079205 0 -64698788614655216715516251035960 -129184303073340 -28019107677509563604396465028506 -4582974296115369075244339058542 248693615543615705868106616291518 -127268277373605435012334680113613 -72407337769989823593229537649913 359899466622241076167 164256757989360090313786970927752 -3395980457262183520 -2831589173463466073682508 10013098006065 715286 7941760407604 -42422772877971839896135287244289 300582634279616940315511 -2460946562236419 -234036608141727635816439109585254 211 -34011726187859583051060665874219 -40958192783713766596892534 310886403727840963105982976519877 11825728975218706362867223410096 -28146714844467260463359308186172 -628050007 24181860743638391556910831 22947697564602006012562 30244763703 -48485093194827419917748 -37673853473 -237214674925794312320798049607 17343773491886290227803438647589 -13338294642501708628902601593 23542909505851469379493310930
-450269238060363691684579089878760599127361343 489115381340571172303586713745538875386898254 -1566480226249624276566487984820560215043185356 -9616548221749714155530532798494737 -1883637969825194530767652807745138204466698185 1 -814434665420952716973307466103511244857825734 -1626184614956449551685713241 -352707261995893808910851106107328007517340648 -57690927719225856535931068137407646825201354 3130579503952449310292859778218226894025301520 -1602065496447250828564912647842176006484560168 -911470634511474839515734224139378303676278331 4530449610570876904736375834633514 2067680100364237535457173085377137342033670243 -42748933429952641207905121141278 -35644320867190623304073927369170034605 126045855104697510542521758 9004134700218101078 99971654907578049079820156 -534022005278687004528437800347606110224217589 3783763535959258503117505970545675725 -30978635503044648751468694491 -2946075664312935657423830744843705912513396163 2659673179582237 -428142928659470259884303031924910316126066563 -515585728115082218407835653555013387980 3913468391379659539634750819632665674360131401 148863430483294818999681267570136347996859799 -354313593467499853143704913847217105079196188 -7905954804975542655892 304403623092567504934232856245452207291 288867856545531058440054968820537150 380724037685374488355438 -610335085085169233834724157779114339 -474242144483126462102663 -2986081479157210701199195599386475187247884 218325113397897495138992604314435130459799283 -167903754723334947972079755800124500578020 296360442552253323245125008702689820116151
-1493625174967746298232890930195923637285556047576724826746235 1622484916316418202526708869964469110986396583333683062313357 -5196300578059791821121341449459206284087570121356907678578076 -31899844151403241076789549856574953374058847407444 -6248370651247713892433495606221316539252021111193969112278946 9882127762955 -2701628307719498615926296502925935754222161015173441263211837 -5394350923254858080698445951915916016154897 -1169994308694893451845374745240216978447741464057370233999239 -191371327918982653262915614483731657504180015417378193474930 10384703115593605126496594397796379699610530210328483553459954 -5314343408731868481141303071577609479220503540925076030156756 -3023514312935705945061278495689953966288774492674688770346661 15028327543362664212664177733645513686148967510093 6858871960668640399089507200193953278908251164974987699990917 -141806007998791199936688644584980044489646709259 -118238712511661211927493880183006224609576294199980380 418117087446873936436603706255506613687254 29868356823136921986202914951599490 331624210430999596694687103564466869593747 -1771448377213089673108964379179706110826110430970673374530918 12551433666174803222818944954196416624406072709119869 -102761783311730425431143985888546659574399816 -9772670232887891571553936953061133123511577965854428463582311 8822619492613308708418856725237 -1420228171671088870867525966911762602601150486907978256195914 -1710291883771822356507864973238747375709173580084044159 12981688324934083099332638729619937155434674347563049685357591 493807146052696008511663938817506456271826247070639165917110 -1175322803121181857577942767199756103618785252159799782661858 -26225493839502244421678493829204389819 1009762329669740963156297696352355408379271926856708438 958227358888626817745642171789357515037039072440882 1262931062872283061671954654439214089406 -2024592779591748007966318592613355869277600700232962 -1573147677336411438222767116467404369134 -9905376816295432539522190251653488634522945294582555153131 724224215501639155855871089231090881812177586418260203639816 -556967373802165258705560572318376948031348630406089839413 983081633041264210567738540645620878854607134534185523518
24180532983036708458702303988526796120214423390700 -26266663612118014324260837696474172393763029605016 84123727708500100828147966303837295082238058606246 516431596483631538547244244184720174122 101155855669074776230984816354703600592052560785547 -160 43737085781329084337872795409520475517210269042229 87329995910557232999789824801756 18941221964856764019218924306652211015293529123034 3098140540415315540285833992537057359016733549013 -168119592796149620360970463517911505530184170462588 86034741668571310915667351695046445585158151477579 48948148969304945407165920936198546639693602041417 -243295959342682562095842873603016554248 -111039357431127355523488492087645014664410818616656 2295719777006023867544958814522866936 1914185121994719072729623511277723591461669 -6768963320398441354802582442044 -483543528466951509245962 -5368716524527951123228185173465 28678256520330107272431029979127569217135349802738 -203197134619728838151950357949931671668285 1663626679845314517013821442366098 158211296153192914086531604153909091354984498304235 -142830775226137656711 22992297347473586710474522052541387781523261749834 27688184424889317736260458872812674016920102 -210162594991979615712831568600091594326950042542682 -7994321589179351809923978313287725879076114399345 19027485799575254477109564491944107820424195341511 424568646411710312461429932 -16347201243534486775827639649892014692651901 -15512893492408456679740337563806221381480 -20445789702054466205337842738 32776451083313719280286086298581653288630 25467935286938452536941982424 160359703913675024642948389007101407940941062242 -11724579783163759109184778640341954450823917281448 9016832454627995135166253591317295030719011513 -15915263247544823559571758194269765888847421128
8569753441138153902461186428538251069302195815877288772973303678273533 -9309093022683972415534404507591998727446659587011656929100966486629991 29814049405653391403247037130490957389316212064669089289741257460143438 183027043042550509913171529800333230751185089641834002711218 35850357095911329017720363367177208671271389247147624979693816272624631 -56699230721682662177299 15500735308144077522086458678572032135483050249647293162003992792168479 30950373736348118069446481403722813253769568851502632 6712904228644000104420906343367922775056807347976940199155238840345815 1098003115811364335652084924236076131696639486150669759842054601641546 -59582783386051437488322659013872381226252751928859397648625877637006045 30491326390071896579691942129296436666385765478024448170814574105810988 17347573288037777343400634043834673833229728815731643586473236718918077 -86225824147657790021963593271487822906953601247934005587036 -39353140648915054682863190709520087193138062412196771589467911138484435 813619471195608163655441767680136206720175891902636466051 678400866833564520184752036856922818852585291470000412164286517 -2398968903978125540341652077781793387520361380959941 -171371277048639230201784720526451853554518731 -1902711447379796308828425917198496485053992013914995 10163778758448077986894870884300629730645964406957189505453796612087018 -72014514521182685236263964504207715683013191385961094113100598 589601166954227288376956817495410600963959827724307638 56071212350319360982628339954318538257050747432161684858507238831610916 -50620245978585722496524893074954978571313 8148634252661472617874196509957614336941511276355518879984358927792227 9812890142683041097476332316496406497228894282449503074204970776 -74483123382537531271574506739082362335413932108039647071282503919126567 -2833244618573789905168774383778739883459964126781752478174050549420930 6743476747245768191974441438390037027907717245483940678233090285407765 150470158004316601572360598066406394060691298772 -5793564774111286340217266508700235470234632299335574130447654869 -5497880153503613410264425863012223481121432046864881415862272 -7246133771281492094419203319789989282574653378215 11616208156229362010723524797181041515191406441565060791925725 9026018004526020807687332388440657611657378053646 56832623391642375622243977575597239648570208299387495324225071929201 -4155274741592900033263276970660071145051529682982101818528016167648471 3195629765912225659094685463342311537015882855171826250861295595079 -5640482866028966256362798321787786406544946139657309988572452261784
