0 0 0 0 0 0 0 0 0 1 0 0 0 0 0 0 0 0 0 0 0 0 0 0 0 0 0 0 0 0 0 0 0 0 0 0 0 0 0 0
0 0 0 1 0 0 0 0 0 0 0 0 0 0 0 0 0 0 0 0 0 0 0 0 0 0 0 0 0 0 0 0 0 0 0 0 0 0 0 0
0 0 0 -1 0 0 0 0 0 0 0 0 0 0 1 0 0 0 0 0 0 0 0 0 0 0 0 0 0 0 0 0 0 0 0 0 0 0 0 0
0 0 0 0 2 0 0 0 0 0 0 0 0 0 0 1 0 0 0 0 0 0 0 0 0 0 0 0 0 0 0 0 0 0 0 0 0 0 0 0
0 0 -1 -1 -5 0 0 0 0 1 0 1 0 0 0 -2 0 0 0 0 0 0 0 0 0 0 0 0 0 0 0 0 0 0 0 0 0 0 0 0
4 0 -2 -6 4 0 2 1 -4 11 0 3 0 0 0 4 0 0 0 0 0 0 0 0 0 0 0 0 0 0 0 0 0 0 0 0 0 0 0 0
9 0 -4 -15 12 1 7 4 -10 28 0 8 0 0 1 12 0 0 0 0 0 0 0 0 0 0 0 0 0 0 0 0 0 0 0 0 0 1 0 0
-39 0 6 15 78 77 55 26 -25 7 0 20 0 0 15 62 0 0 1 0 31 0 0 0 0 0 0 0 0 0 0 0 0 0 0 0 0 33 0 0
245 0 2 -165 -332 -359 -436 -111 131 -107 0 -159 0 0 -89 -257 0 0 30 1 -160 0 0 0 0 0 0 0 0 0 0 0 143 0 0 0 0 -225 134 -24
-21034 0 -869 13827 24087 36098 33737 7960 -11276 9236 0 9464 0 0 5710 21021 0 0 -8041 133 15208 0 1 -65 0 0 0 0 0 0 0 -74 -6041 0 0 0 0 23055 -104 147
-1593829362 0 -66421602 1086688937 1829162213 2734921346 2541597212 609727403 -851246848 682179472 0 688149072 0 0 440705644 1569630515 0 0 -603840457 -3960 1153123976 0 -247 -10786 -11 0 -3 45 0 1 0 16092 -452697007 0 0 0 0 1744818385 222418 6012163
-63313124 -136 -2639229 43182902 72664250 108642458 100959621 24226210 -33817310 27086653 0 27326375 0 0 17511388 62342896 577 0 -23986473 -3446 45807939 1 -3842 326 3811 0 -326 -1067 0 272 0 6056 -17984003 0 0 0 0 69311210 6016 238862
865750418729003 -14430 36078616232613 -590247523148261 -993574649206515 -1485577267535426 -1380573026783432 -331187399806508 462385022045692 -370573217152683 0 -373813397406639 1 2470 -239378515190176 -852620773750977 73848 0 328001915567488 -4233263906 -626362030621910 2427 -5001010040 7814255787 5898370064 0 128170079 -2051555583 0 24037 0 266597556 245899104993627 0 -118 0 0 -947766778453488 -125130673607 -3266823620952
-95892087055394245100629 784035346885 -3996132989574970906660 65376886529025197995527 110050130730796753479581 164545233344411511894125 152914773129004315299564 36682917261490386459013 -51214603919817585990105 41045361826235884003906 10212 41404250073692805281592 -126141 768190555 26513998637037330643536 94437823749802423220192 -8211055965038 0 -36330087237576721022064 468880046556314843 69376994882975388415063 -5581755049 553917159250796072 -865518835824314607 -653310506593879576 0 -14195797854222288 227232488240485228 0 -1569603467014 0 -29523284199958605 -27236230989031359022409 -338452 -3959421 474707 0 104976367852545457491585 13859696918675942271 361839311050256512282
111915980653798985641053060295331137 -915049523137133848773733 4663900391415270262843262923813583 -76301586425596600845934993858744636 -128439881537890282851800739775125409 -192041300978359307416319125794240810 -178467351339424318300242658648992476 -42812757388315963600090218839141273 59772738267457012350105362826329208 -47904181263878190341863710304382742 -8006253677252945 -48323040957025369284051095237916773 148776597889197802 -896821103384336676638 -30944577906656380404345689563437103 -110218705008102323532192405163432858 9583151343346455717353700 -115616 42400968268452596425376645579154889 -547231495636001726951653765143 -80970126478282883990709350206860106 6514220368226785544704 -646478598827006666912064226056 1010149974412805704077361643026 762480912260348060016899425296 0 16567963913955891645922950398 -265203809184009964370650357946 40381 1831888484712779128009965 1 34456725307644209489726944062 31787497738890484245003348018096480 396569879469153418 4616942408654892421 -553360646973131480 0 -122518275641500591274158478182314786 -16175699370498491012362748855337 -422303889494982579801382413816515
-5329006652587075935017182308491632513814952 43571123335181102037616529015456 -222076919378821308485377763869511252381648 3633186782527197466437902210227179221655253 6115810978685995124855638590408445181772345 9144264871796168750771916006748853035844408 8497925827942103557228714556051062068275958 2038578115521232558560883673525149665723763 -2846146886350068711041495781949508596293189 2281012051635706268772302549068459660603806 381226870899490615329230 2300956532113312922786762968134889951965453 -7084166847923388735770423 42703156405334863536614011727 1473461256942247461810462846555266176130478 5248188943137960618515203806826480804588308 -456312645996624350746618755543114 3966500988158 -2018970308428846859037959864951730351488820 26057049794974371763778495756807154164 3855484624652122943324962998492060312641536 -310182008645254159027940931857 30782813444322408185336760891747728003 -48099439439382485114067532859374876526 -36306395477830537037471089487138010836 -1055429 -788902437359793854338316452598287698 12627980876161397852955224619202704859 -1324076592697 -87227452815968173346802870839689 5989907599 -1640696148290136721766122486635907696 -1513597843043105105704938473854034839740089 -18883125658741019684322576 -219840961644626379286070137 26348896303925421849205546 0 5833846981842007819414411717640937033095296 770224315169854734053258618523920946798 20108479802305764035138107655978019672032
-440265880624280517130545682099279980857909380390854414299933 3599710083987214188237354321676304621293149814954 -18347301260954187259441756295539381156946475627840981988021 300162541081702281849642165859416937608490808904890332235380 505269195893321459894583704951621388842920881916523281739416 755470594972621027366125157442066776319358822611556102645509 702072082477591682655147656016104782901191793984120874621514 168420954928931062939997699539863737157953816106790912274456 -235139763748773444485603292228846624690237949271969794000932 188450089312697020561230266294636181064202638133433884262602 31495773035433913978023861282387938807297 190097839978724883055078549739296714086514226206316998896817 -585271732448707987525762516414891137949831 3528001367966754475800150696727096697979607369 121732765624998035038286283050555882571447112510317042271240 433588973962252177018841643767538913335797690489195433896468 -37699125189151132299453403669123669980249729228706 328639789474193817704214863001 -166801019166146960123549966013968279679444664685022533972491 2152752045990745173997561336294043958833115766882231563 318528094289727367747610607328451884131557772457583472736028 -25626268476079667187868077941401771738440276306 2543179874353909332770334987277555029882275337877763742 -3973825413040794628432552218000332987543557657720160237 -2999520965052739935772738422923022995804853007661825455 -2799167358684729952460 -65176654666444070706289664492234958588066411133773783 1043284327342829550193355104657362703848259864725854002 -109579065611029365471453330217 -7206459633521276793237095253383608842343755210219 34556026668174838134756540 -135549189868837212262925798848901836692513852590789423 -125048724972950379860419924527814971096593333650262273867641 -1560064846803776466033052493533628765244167 -18162573418588652862958868791721184657522369 2176863492766307904492286890658568497234303 98566997528305 481974211392862255233404643247900192525897043733714736807142 63633526565755873564604690447762934449117168569127727380 1661299777863815712358725797870757804902661611925816530713
10962240315805134305468762365450993128340102385453216546024684293421429460725442 -89629673214605834666405493492621560314956820533748249484448464991311 456831960913852955855709116287261269209303102922762174426453307359027131931681 -7473788122019837894825102238463265542237677382012651038315652940445141623136055 -12580766744182590168160002867457539866838815175694029214649172194077585731092323 -18810565565224105582787540582979975122793313361911518184132753973759837637086271 -17480988706697149178254340442490785987103785579408236802474216092709577740658953 -4193536368365371611220136225215167305018207314281107617693330645917216524856348 5854777105054508417704194388079332094783561223981503341714589549822486255687643 -4692244521995319544764174515290582094011592220444055557441999671839398137302431 -784217556120656366099423756645385541251945253360233536278260 -4733272090963218405696866134880871729017343407558167286066720897672654271640003 14572760832733283923011532850172118809822363812295398285379984 -87844188096750548222045965786938877926918720074146568294031951690 -3031040763814336831459618242876029919599382564092325424472408896692526344882648 -10795991104552223194847260490629052187633373481052069432285863742242519558587384 938675668968716063246288582352788217995984821215210522930585928307326 -8182847020630640434879869671884127215805453322819 4153201366473728137618537000810005037051500800688923684318787048215591021608870 -53601667326637391907250017356807968790630890906000519468204296629161683341 -7931074540657598134580189183104662263628057482142796057500688817410210667876874 638071960138702629938037343056323607033689255925506433107280198505 -63322983169750415698598209923034417863548758661269571948346540572292873172 98944821908610006732578700130439318005498818345034661674283514774197906826 74685482337580140251219076294105956053727980613873610750187953730510698307 69696850437020460778732717243872182746115 1622842429716999915895649141733071245773577861043985811728640408079091467 -25976879011901507018025189745402260345428679624430431348291796837932934644 2728424126589550953235848249481998236954343397649 179434623043674641514785783209012774089766654409436936038578286357461 -860415229449329680479750484423619846823837177 3375057798818998477216884578191370229749786788513493594769299926667996777 3113605288683151729068330520366778823056412839943827158768453852507364569876771 38844267774402593776633119627525796647810196383420600309925109 452232397127170829156763533239430876476971055870306795275140587 -54202021534282722130850184467249268327627102694875504399106080 -2491583253719140751634496508685852 -12000741742279441751617815690266009412444523003868239631078549248427679588071135 -1584419872298220369981325887549863688139886892035737326467943306646397976431 -41364930154736303064201518063663037169820667463520591642194977529715756847958
28017335945005841615479876815853060603495363728034089069194491034740217486224443207142476241786344667009 -229075863395744804607262104326472535722805613280232014349584191634668270608811503833862835090 1167572882058200265217880678710535214288703711888334041771016737178110540294887137451297766073589027483 -19101536416285433986513652891680362678746224027066830421082412922300885473352107148277647786807812854085 -32153972013304903472950375028061676929635232908780198141193216326961312396781839053540884226568952435833 -48076115791458520795865970774207803207061121334662810176189059802071409617889011879373707104027984978188 -44677978144690531190192320073100417934616465295638829573451157731050184895730324516570923315223080843001 -10717856372907208075229170345126608531319443656377266355141864051893271221267291607143637491361066420374 14963661834610415923338424907144270462769793342039178800008299108596428263535801867397361503635665676244 -11992456589308102710081897727470365627898711805724875249424348558350844546103634436286274990443773441115 -2004306244967606855810585559381389110269080457540292022809907997317323392123103506324 -12097315007812504368499741624356659237537677586124579213226848474141210114428556221620559457687850532350 37245118163323550016045892226692772220904657363508666057744814228767258541702981802943 -224512513666982194561447701647833467721252797621097348844476464980496280522786462377348340 -7746745637418204156620984812107325729360211735392951313653619234413158290407366633066822297329676400611 -27592435571717231198574369953927410061870138985993666973186667124901302826114197313780525476168116214766 2399070883620565724840469496016360797373976709587904699305829995060207292395385235696622915222 -20913751875431351623254752236519388182837483161387166656186968186411427176 10614768019998971239133729966103017208333388495831299819253753062732469632327900826111088761786444538412 -136995347432551091878347650406101317398434394433679805664227462356723165575584113229183929189227919 -20270270803141622975485379303668102213010254168014105262168721536083278078032550143893462141688032340505 1630786768879679078440184774901561681917177464799941884022152717582936207411333910669693968 -161841123839342179766022724753268364912387875796539036227184938593555544135483162190141017287275749 252883556241276892477967267723407560558855325103833541592156870192902360942483291434006732217166592 190881442897203788739824888194540197717256373162120117692892193393854686594137619201249798514354171 178131478306258029940719233067851313300446174417741127098753759366 4147666921116141305537086183344930158220985090055969492626756526277823297990771958322762357174882 -66391807250374222497146171288240708416086573348097096446021442934520379654119202289052093727910706 6973316872546972434359152377478883071197774295928175594481781524328082269 458599699436609612053986148397752113775621922370232625448096899275367527137543099572115698001 -2199052551413677029877481787335452408636631734729205533171345177584806 8625985698104880796939981461202059938193028097641615947209567852009239488934145801856719550588586 7957764367508822310692917443988157168499755104957934909862656041496787411419933015361563624701619083746 99278328920056106833494747694769286321874356380830711544660430823709314073870392804746 1155817299248529712348452490299927959499796098942291203076221534690745937708886066146757 -138529735024597017869823130673771641884852668062493703791070741703360100356784187138880 -6367998059096809564250023753081490343064186196514745864212 -30671541883453329746573526081908614359060456755836764877475758666902764960936588985270376521484714189419 -4049466401144311219622923294065704213122923485598953156729591148895532178104386003347609715948125534 -105720647522753213218209130715226489438486190750187994368785248069318308042608777884707776843830783583
728294036761761865967781958313708648375849523565030242516136529435402749475199981641898389099793429047055 -5954691252753157545271302419571739029444830450195912499574714290113718742616278559942854401028 30350364829719139814555526453543264388249596152994498131379209286192152749990147827637631106518273844320 -496533114078895209315564139160389902104747322068613256448879952558659075676359857448121589369220422506281 -835823438797319992976866353730853276638075733505688856684491017729129040707849842995122948590848011329044 -1249710126270176748054722040629133974433601761410435247911162835662197521077120156825713805103566778541679 -1161377552855825408120027609829919516690709982972907657620485404820537455597533931767411608728888394711746 -278604321930499605646255980247727209654805290463223064793478967598891674334047206426005633570187654860444 388971517622428217603754319090091180077921030688922211310587318618860549989267894178671174010242006203444 -311736798861286867891292308620184876048836392534176909189817817274605967112597530831584972796644128438514 -52100752509785519468831478884354632547398708151695621831260453273869800988113100417334 -314462531281061691326449971002740656721211989631426324949677227249924513897305988865135669198645482199677 968164764490069024620909102084147707776369374573069609893460502574468101209709697484290 -5836069682107050941683487241812356152451853524708391811402695231556410752426255619834818625 -201372059895921542760822119317805353306152987969929121212856858550511254842014865460557105950111567247076 -717249003476250570945578633142434693619832542299106885144829335732070143721205327017566064067934264734396 62362425240543851427001218425727958565213857788220352661495422860315825440078123009068004948642 -543640580499474438108309082207410149016747498688210067770941711574748300252 275924601316447295357005112786749787335633592149470324334032657333074025173812440865009460281459827719182 -3561112833678159378531110234436576005531301312037607221639418894869429779673047528933427040429679197 -526913671537196373508372781446667552413556135701756929855594517149274538128370813314845110664720495610688 42391335183913547230712411917982058331543224321955733800259017920463423237314615292669105023 -4206964060622079702397436113799482881752945178858738963852901490634688660546838975420855149452314875 6573558112988932406235946834153836420537433467061637346039148246747432330806058496534589599690896811 4961849936888612316506056209380815621005466304462091951789449990835009957413715216737967565637683636 4630422166641790711458123986727036957301294024957700844404995812611 107816142514483200231730573699312468685178247801393431316896874292037330776337375154585237441977899 -1725815666599909145548618381620510252987120078890135634865892159253392875348059694459434839354068298 181267237709351745902205691649676310001771695657086606324464020123021657617 11921027288818821536843342672260528566119221335998604800607900651883039040905493624746238432611 -57163067283197570980096245369598482964604107910594163055105697875799227 224227383983017672237316721873267250822742026794555735416742924834848310597333217937533010192694895 206857366674256813198644985568469954762640282194057941846978970937822464315582774055775376339989905867279 2580681299395203905161692045063068093033078176064486261736727746423824360541648628605460 30044785424320024649008485122679954427247918687986674663441510667474279750895037346316623 -3600998329414147845195954716879447170555219573163808855470264433007565255032064374530053 -165532334039681411258564407762581471383856062010318512709703 -797288546486143105099002463981945838830728662022517619502331629299130635595357904837757892590051565883010 -105263478219677663565416359627785131887535381435627793984655865559336448123320538321077267330307672367 -2748145551902052677668165205128776787668046111752906030554732345746663942804841588939307443098920062802
1 0 0 0 0 0 0 0 0 0 0 0 0 0 0 0 0 0 0 0 0 0 0 0 0 0 0 0 0 0 0 0 0 0 0 0 0 0 0 0
0 0 1 0 0 0 0 0 0 0 0 0 0 0 0 0 0 0 0 0 0 0 0 0 0 0 0 0 0 0 0 0 0 0 0 0 0 0 0 0
0 0 0 0 1 0 0 0 0 0 0 0 0 0 0 0 0 0 0 0 0 0 0 0 0 0 0 0 0 0 0 0 0 0 0 0 0 0 0 0
0 0 0 -2 0 0 1 0 0 0 0 0 0 0 0 0 0 0 0 0 0 0 0 0 0 0 0 0 0 0 0 0 0 0 0 0 0 0 0 0
-1 0 0 0 -4 0 0 0 1 -2 0 0 0 0 0 -2 0 0 0 0 0 0 0 0 0 0 0 0 0 0 0 0 0 0 0 0 0 0 0 0
-5 0 4 7 0 1 -2 0 5 -14 0 -4 0 0 1 -2 0 0 0 0 0 0 0 0 0 0 0 0 0 0 0 0 0 0 0 0 0 0 0 0
-11 0 4 17 -12 1 -6 -4 10 -30 0 -8 0 0 -1 -12 0 0 0 0 1 0 0 0 0 0 0 0 0 0 0 0 0 0 0 0 0 0 0 0
56 0 -8 -23 -108 -109 -79 -36 35 -10 0 -28 0 0 -21 -86 0 0 0 0 -44 0 0 0 0 0 0 0 0 0 0 0 1 0 0 0 0 -48 0 0
-264 0 -11 180 303 453 421 101 -141 113 0 114 0 0 73 260 0 0 -100 0 191 0 0 0 0 0 0 0 0 0 0 0 -75 0 0 0 0 289 0 1
63998 0 2667 -43630 -73447 -109817 -102056 -24482 34181 -27394 0 -27635 0 0 -17695 -63029 0 0 24247 -1 -46302 0 0 1 0 0 0 0 0 0 0 0 18178 0 0 0 0 -70061 -8 -242
6759951 0 281709 -4608770 -7758028 -11599682 -10779788 -2585977 3610394 -2893509 0 -2918809 0 0 -1869115 -6657432 0 0 2561104 -33 -4890759 0 -39 61 46 0 1 -16 0 0 0 2 1920029 0 0 0 0 -7400351 -977 -25508
19654410494 0 819062768 -13399897803 -22556297512 -33725823062 -31341999258 -7518671632 10497141943 -8412815003 0 -8486374120 0 0 -5434411010 -19356339089 1 0 7446354227 -96099 -14219775357 0 -113528 177399 133900 0 2910 -46573 0 0 0 6044 5582442522 0 0 0 0 -21516359580 -2840733 -74163975
-135971868537488 1112 -5666386937672 92702304157581 156047515157502 233319802747144 216828187474175 52015186618781 -72620646866953 58200991486263 0 58709883378193 0 1 37595989906817 133909770349007 -11643 0 -51514885091298 664856696 98374328032974 -8 785436563 -1227277631 -926373105 0 -20129181 322208297 0 -2226 0 -41863061 -38620091951465 0 0 0 0 148853083997888 19652600599 513076404369
-579663265620897756490490 4739453576585 -24156440533558322085935 395200278826445942981333 665247989905251027249418 994668384344114957288965 924362786080909533345739 221746551412664920064350 -309589930381771679676824 248117328607551837418831 41468 250286791593519240959549 -770581 4645040381 160275904994483339983774 570872310676877898263227 -49635456618187 0 -219613710109995674521057 2834358363817858701 419380750255217073437974 -33740080993 3348403807578702828 -5232021642613528673 -3949232030961357610 0 -85812946559985853 1373609963372878935 0 -9488175460723 0 -178466898093996938 -164641766417981969395125 -2054014 -23913224 2866104 0 634577326148665387780117 83781231831495118392 2187302029960444365422
4023012315141997808580501840935 -32893028136286466965 167651917104675872361350436129 -2742791691247417830114307295660 -4616992338035435345553564220076 -6903254694624392058750977730122 -6415315740388019893968244083498 -1538978162119469579636821489727 2148633830083642243419391119941 -1721998145801304444332959119643 -287798551677 -1737054777517380098652538438231 5348030567363 -32237776252483278 -1112356048511502511988822824547 -3962000824334885124239556412593 344482849070613810997 -3 1524175694314836389826002441450 -19671176835660232940228081 -2910610388952346956845545624011 234164849486449199 -23238784571812686082183366 36311577340989364444150571 27408687143375892327151848 0 595563944249013093504534 -9533206822984882022239367 1 65850380713401354437 0 1238606224440138975261164 1142656250912848458190806356901 14255386045842 165963931690652 -19891499716862 0 -4404130034480357329251125715206 -581463320907255259685688909 -15180439274585492409619639282
-2989546857592426437897013867642103642215 24443188635395364241092674065 -124584073497159815892313039113645140443 2038200144388549986571836980749364117363 3430940264276809606944638628538145759289 5129888193928156986416315484345713460783 4767295128566686981522696341463904463255 1143632424676093687963391240409444857469 -1596674584034080420228421754513596286022 1279636685720304356186530675563120159707 213866423562082744799 1290825442429623963751822196948042582505 -3974183205154815038168 23956263402086403111160360 826604610886982818308416609443905939136 2944208514994537822288244970123386789362 -255989178819401584284171073153 2231569896 -1132632540101195920988464981943276714398 14617878417336456358071372028262993 2162908154473603865751041629385695007169 -174010600789351198021522687 17269008879103522062537873862178406 -26983551983023821520087667023625451 -20367711580649528227392249154077791 -19 -442570436914544745281318974789095 7084235957509662056936651362184054 -744077097 -48934177504764958057508434784 234607 -920422572939287446181219268001759 -849121040810007049296358042682625584952 -10593341809248137028067 -123329712064766646896351 14781602891823738007976 0 3272759831097969737692901632987896331573 432092101055918707176027718640926540 11280759534191947717950622863877160176
-234064893418946184566088152429269623254311589446458785254 1913765736179343364331604311401705521292711291 -9754240115271155502142346960467971695845383301933255988 159579736424331087878750923632173440308140798246412393948 268623542476083962519882596016926290537700995977944673883 401641717143007546113764637564948259340039216745510179106 373252696585346804294830013909842739260868807293471140793 89540058859567482429320454722758858141998376316479589760 -125010740469761300420893752723379893479304416847702971471 100188436149586765224258218145141027686364402255652893657 16744551606481203792078284814566349724 101064453576778553540507606859051984954629750485792650417 -311156443652821601301805515788515284254 1875642198310048111555168466259020881952829 64718544101591962366103979354417058584443676269565189115 230515153330071067594470240287099415792451702515532079057 -20042529089181311932635942489966793991466660104 174719506284311877516863417 -88678829070141258129172192831796901457900989994440071136 1144498586826110473261487378333417855673665869058533 169343680085195602562771792085217650124540408780963870879 -13624062330411911741776164417048393771438802 1352067358460272750178854825608258661437192116150839 -2112662058776845554529340054147276639766518901418688 -1594678547421020743232082128280326229006447356288901 -1488161671265026413 -34650803978434284003553190474217101271352102653783 554656278471761774923522567927928185876679069954081 -58257097453985142707821431 -3831273964851207505518221662497993412720430527 18371518337062102481133 -72063968787873705629744271311590326458175558137315 -66481455345723514722037180515390005603312007532691204379 -829399751749993526256527920691105408416 -9656030590895815747268380761088137938900 1157317302670491167951583710705038351372 53200090065 256238894234515725487407127213702659967183739329725425132 33830408553044501720180319289023455034488312588189419 883220736731257708125117967668940114060754533217800768
21865991492457857685299238128026396071114754706329945595904239211266405048920743 -178781126441525770144816141297489410639338383255665148017227464483659 911226490485078331758253788593116745002292056102667067187925542856093808335160 -14907699775282263011465563699887640972083070490565267891529030772774802413472992 -25094408685811490399158471009781912065821913827197908366324594112306933390325262 -37520767176075337565197372233765188187996786437379772188580515996148079447405887 -34868707429200137895330581527949401380746620549450803386162472534543314957611381 -8364698082907803054466965554880895184355271121334042510929806448504509727320720 11678315990279977101299910435266659585849766688938004812831782984956359065142549 -9359453527994111222830354799948999430553734402807676553607169447703623477706942 -1564250911891355721485799347292373802923310558979374463622440 -9441289762939159072006900023590744991859425854055116992238749894252458045740304 29067768559201268911303371535577378193817325431639327559535346 -175219682678917801062675799616308449942289599030673275737328837047 -6045909380339057717748961312889108539768139014225526013390773854619403711226501 -21534380094225434263798308793846047874251760081975242411204174278827517765903092 1872343024833573548715726119472588676725462075418687841601987037355893 -16322034381897445367554128708985198973542066177670 8284243286916937124067883010879481254932781315579213101879994083513001031739769 -106917342439206206317873119012977930062581161164027151529714325742397693107 -15819832756451577778425036859185232641231129641102274314665657987423079759365916 1272739481167272219086935650501430319351874009107678308444198361655 -126308105950797130173075058580193864992864529304198906364546130680543210086 197361722763648569248558886453357418856678652272609414432418629227571242607 148972479562330785010115703492667166989558361425884832028949305330312426562 139021832654930797250252438295031055575194 3237026167965860561567628282727793419979400070391477570113612305156643745 -51815158134774686476685652196628738966212868703156893696673642666788500836 5442290719882116278506256822756857061186187678587 357911870921907010878555001655793316117095071379457044724622247920293 -1716239705126224912614540589878582387275275343 6732107944133271215224520772455389263656474390814681329372281708712199840 6210597906256283551485500857462969524006160834516291853363026764379473808253569 77481281582674298414979385705088359785303554286690570479137595 902051903928751605530908217165256496671382658741933507982075672 -108114847658819695175908168996595181216977405337465600372751357 -4969872640907506380664769736871021 -23937453411008650829473759782100096194305717589763522396499826699795226408110789 -3160386057054754202308819005797670125332854398361945528755087558990553105496 -82509157324849847027005292845654144794888340643488702259861717696467695289893
8499194913234704835316635499552080633331524489707626871374476801212307260577882195965162651008 -69491275570938528097320276263616769534694640833208910031018035508023460426312812435 354188903595194072963694100240912958433622008938604016039861445735669685666848445323630132824 -5794543830395819753451390217994830660729224403967180152115659877482573368839446159369954103376 -9754063552373024063147594534908104581853326505171155784567947014505444023751237346674278827770 -14584123186618760115611668629747995267188998479775778306703733575890299081477646888193118973371 -13553281629856471533768023774538293062384606562888213349815590814499269716153518933502164575043 -3251313777448233174050929419705992758732101453030542486760009151859608493498383941197523536921 4539299482210588930315769972674004008443950933741004888572957904413002330436203757368028128703 -3637969942649170482026453479289729106032356902635892395964518121935339352135047145649821261925 -608016032474699464505819989204908971163596000991252802913990340130572546272 -3669779253102947125115493254285445372138089679329057747339357003102507191341269154106561043913 11298487459974632765717240898817794738741732600423758933662837703991959550423 -68106961270744557292551640295679350639737897917740065630487380215836653014338494 -2350012907897628951703600253642584091370185682225676889978519700789726720665020524143059843502 -8370299321649031254963752357894032721174508329947279035010524648359520296785808677987313501444 727769802617225583474532609993463865359988493401357511732762743543947288405855725247 -6344288190184023979113428739595069312826092150195169980813108185 3220041424988626475103744690202950731962198760944721180217803681386953676985658789496487457330 -41558203903505235787189028539033477393172161570173940264000494691560354781913428705265251 -6149085082111839466394401146364801434271602211040126917301745142532561373283090241865215693302 494707085564402999987255278234749936058027202296142472935039391716643779259237930 -49095290829487827738612115927832650635017045119130204137597573013478976010274260080835627 76713454807600367233629302936468596498958287168724216530993963713685335621751808007438445 57904812637691237247723719817442662301202523097339384789547319211395645949245755024002380 54037048964228735122747068064186121199680979277259783683 1258214901907041681090525621948026577858610515314091832400480969018920338715102458029314 -20140277133073507700572286277915491336216050806799311078858960859128574784783717147336131 2115389536244953333787692112069543528369747647785310593531602152 139118445819163491891449957097943325950941008212640586024266729365079785998881620005 -667093270238011065670500614542288441156460692694027061291962 2616734649963630980222487315583580577036517685000575961320278959984872106848082033543038 2414026464393642727785183197580814702270642197724065027317037064918499747406634058956220836590 30116563181025412133695878108597513011328311299034442947870802625941238169197 350622790463875067736287369175136322809407470274257553586312197607369512241519 -42023667830655375206875518888544098516295769335601498608234808122616255778345 -1931763134710586507953918136232027404354696194958 -9304361173688934961349691876606418736124584061257058617515524949553170406977571352230513050694 -1228425297304382972207538130678912758768205890210555609213072471492809346931328236632866182 -32070871813543368746716297563633500958586643658654384181260140959833910269243478647505743440
364225367678325674086130454752099967083252133397214757864665559659919484948817817056406884447597745486810 -2977986227359978243668793485996046442952802104574672237940967665002020995038156073745672513875 15178447483144589983304234383106854148017958517825012096491871409582790003215863336381382857955461302265 -248319973679818720050243636601089435105471629509480441044943769358403452636501580291228708640697478537358 -418001636624275066705505377976479557726718052950655486608485141513598569136958222803403961012945666573263 -624989505963754395973588313789965870924704318494338061705505383943604194725125811135434794462767495868563 -580813716508074464450230758473490790564917690231914634658499944328021942876581470559167407190888921840258 -139332132998228927161880899847630673320272575796611574676471492908786829166951087914062164822101498597846 194527604059964513053436049926563727173247099259437942345616039441891827706632420493140394313680870599317 -155901935829330773525215197733394650822937045549435284503936653237014725201583297253136676301269032457640 -26055981212711217531100774738187760032413776045536563136294814629021993773543128523887 -157265095271359781880133346464516280692142967018788835888611745263466710629058825201529068818085585211122 484186536645976509431599350977039610648866767217593784652527209695008667709366477316994 -2918662680822013395943492803628516493234868754723157336508439623736008103760924866200240442 -100707693395169534998450311853119126465803928428667876319512684498683724554752392300774642835641487833795 -358701662819609861204511833892898098529942747976645273266600249707777887558568354400757082136435180762333 31187921520740576833770379696753382661606180061107906551073703749139550830748599198956180439331 -271878774674151802393975541561765690620860885849661860840774381263031769444 137991984408974906037141698437387833890867688573634049789518141364613723193368320228549130744333882201728 -1780939518546023095688389513000884834372195264772994434416222027987107478325131285896963017088038163 -263513520725353466257600623548036714566285760876108921286014160778433783747051213577589340103339735361174 21200228018325458312877443736963056311704562677389530426991352555476455872609589855308782738 -2103934612183041142102389327492870824584159172291365795073138560363483474550404605555098701006593553 3287486234686058808065263889663920981826290359693208783969454255930214610437712073686954900809382372 2481458760342850324609086272030845724789098654603343082065025249170720020618243435831756215200911927 2315709220481597682719208796006584361789448390837746197195611024315 53919670032726253866704782624558777142834227706170301194264627551809848082552217279226555213012375 -863093495186736521210214393989500510574262285744303631411966345899457852858474903996678847832788987 90653119440987720474868018907498366351288699327193738347258821806940733857 5961796099112804242807008900766266548112233292267372473985765012272996105318722466278286887012 -28587683199243577869815658297973510070371640066082461856253298523930028 112137814196437294783979206291210158350798810126022450140914849761436377626236370782999831425081494 103450936889309417889573975679479914974259105432359601596703240378092219326411140451314948115808944465421 1290618277354194364433347860287734632433660406644473858583605706838438866253750154607246 15025624906453872104599945639890830697828119807963444164210881890443590793677669986620182 -1800886557264156710509982052129144165313751399438821481112457617117777587075889374447270 -82783974857639382741643982864185444049450404565985699241577 -398730044915397303313077469149394085873668523721494371365034628952914820127709544816434930401963444844880 -52643063271714125839290689222291246456414209626272324436184065035977057564601686094300241836270543259 -1374368419279680764762023302498876493947812749666983063796164819997824743587698906666625136131153516949
