0 0 0 1 0 0 0 0 0 0 0 0 0 0 0 0 0 0 0 0 0 0 0 0 0 0 0 0 0 0 0 0 0 0 0 0 0 0 0 0
0 0 0 0 0 0 0 0 0 0 0 0 0 0 1 0 0 0 0 0 0 0 0 0 0 0 0 0 0 0 0 0 0 0 0 0 0 0 0 0
-4 0 2 0 0 0 0 0 0 0 0 0 0 0 0 0 0 0 1 0 0 0 0 0 0 0 0 0 0 0 0 0 0 0 0 0 0 0 0 0
-3 0 2 0 0 0 0 1 0 0 0 0 0 0 0 0 0 0 1 0 0 0 0 0 0 0 0 0 0 0 0 0 0 0 0 0 0 0 0 0
-26 0 12 -1 0 0 1 -2 0 0 0 0 1 0 0 0 0 0 5 0 0 0 0 0 0 0 0 0 0 0 0 0 0 0 0 0 0 0 0 0
1 0 0 0 0 0 0 0 0 0 1 0 0 0 0 1 0 0 0 0 0 0 0 0 0 0 0 0 0 0 0 0 0 0 0 0 0 0 0 0
-5 0 0 0 0 0 0 -1 0 0 -2 0 0 0 1 0 0 0 -1 0 0 0 0 0 0 0 0 0 0 1 0 0 0 0 0 0 0 0 0 0
10 10 -2 -2 8 0 3 15 0 0 -30 -2 -4 0 11 -41 0 0 -12 0 0 0 0 0 0 0 0 0 0 11 0 0 0 0 0 0 0 0 0 1
8092 1843 -2682 1236 -1563 0 -1176 -1309 0 0 412 1175 2972 885 -3004 -1163 0 -207 2071 0 1 0 1293 0 0 0 0 0 0 -4648 0 0 0 0 0 0 0 0 0 675
-858981 -174186 397766 48268 1777 0 -23027 -55898 0 0 263093 327 -44012 48013 109759 359840 1 -289 44415 0 -2 1279 3118 0 0 0 0 0 0 199136 0 186 0 0 0 0 0 0 0 -22295
851681536 173706174 -394345076 -47045476 -1757509 0 23661397 55471428 0 0 -261280853 -320825 43896763 -46908437 -109734814 -356445001 -6278 52636 -42967599 0 -12669 -5246 -2414382 21051 0 2087 0 0 0 -198513434 0 -22886 0 1 0 0 0 0 0 21071498
-176491529573529853 -35990984161348861 81712772027905440 9741839971562507 362810593252062 0 -4898376792922038 -11505297839750067 0 0 54143414233608646 58046438267263 -9093623402229915 9724485952771392 22733009006704688 73866743402385319 -103217784 -10211348953678 8902954093575918 0 138407332 137733194863 504077642585982 -781842 1 34405046 0 0 0 41132921986164516 -14 -14586287603 0 -6858 0 2398 0 4486 0 -4366980074823949
-232284568752399635087 -47368563551470415649 107544062074458455730 12821460056070796776 477503381586035087 0 -6446866564571140343 -15142387589479449832 0 0 71259395034006282604 76396254945585124 -11968327293042557455 12798620031983049502 29919436962971678457 97217723013827180709 -135842367301 -13439391655025836 11717383022552581780 0 182188879534 181273845256073 663428200236771569 -1064787378 51725 45280314151 1 0 -432 54135986402145489080 -15791 -19197319183583 0 -1317717 0 1347423 -15431 -38127 0 -5747483099511551737
-66731778563721534177808855442 -13608258657800439851756855260 30895752458897400572335902353 3683407976348646695817414641 137179366216932681495606564 0 -1852085458485132846760304535 -4350174705855347525846257483 0 -109005 20471726535837481139237574652 21947467261789984624633861 -3438316074920957992065626114 3676846389248944295435049036 8595393369812963406300409759 27929154310475098906172363923 -39025425005618681561 -3860930206292797637609278 3366223651476248228709924692 0 52340022114926738011 52077183437348140829155 190592702687563978471108665 -305850419591305066 18780973371801 13008336593684587071 -14169899 -15259858 -17622252748 15552434999534533743065342237 -5712097067599 -5515094130753362196250 0 -387144132864354 -3 385991715723682 -5765211089400 -1853931031623 -3 -1651163362057707573641174788
-17306786635687765635944865348791645683 -3529281462937658020793095843529775987 8012767039388544802678886221841732556 955286331503725253482419843597352936 35577262782952662012706712812253618 0 -480335584498986864554088288387440761 -1128211282280044902200583032033397561 0 162307474996058 5309311558084267740938768934150200918 5692042700927506624769631768470001 -891722114642734256114350179398161082 953584593735450525788841572757264730 2229202372586398676733749476266312052 7243384261143770310186474648215468300 -10121185414867855164557356387 -1001326455457580825754755930002522 873025052801113461999015875250541179 78781822 13574306196903594837946027486 13506139379712819037000397981142 49429931446874188233787275322754992 -79321848126159080983401854 4872420953338902055950 3373692575242454891530980629 25473146825804918 27655257941159344 -4622856278198893769 4033500679819676599603580170336270006 -1481913545492803914542 -1430331387098831811394181703857 -6915 -100404690883278036837533 -23788519221613 100105184391667674073893 -1495671090105472554523 -480460244754406008667 3964622567797 -428226740285520010617160211903511224
1659710765857673518717762784574877580982022260 338456038263094491513427948378452020134285768 -768419695667796754308664199572645878228483483 -91611403217048330771053770226142152025356514 -3411838795010806019957526288358146450648640 -30 46063902999392675651148157102975369391405409 108194805354626048990114566731480844822513893 -42053606 -15565906253257501645264 -509159888414771295775908510552966406026005441 -545863582264908780280966666134758769522254 85515631814288089233929058331746279228047358 -91448207555477736959766356267743486711938949 -213779210141056010353508431150246584031220814 -694636335012897595734605571769202654610752996 970615790782253435152597806149586863 96026624308990752720097892098213361070330 -83722594465317990118360519732499742145499073 182049646118366435 -1301768064072175421824350633628584470 -1295230905976488404366940178096401632662 -4740301657663767833356813916232063008824180 7606919070191902780939000299357127 -467262338884049309029633632093 -323535154485450358728326374944347246 -2442953998004883612359304 -2652225668966004973141458 443329396787132157089202694 -386810367707808015826706250958970092598759843 142114648130131695134121981804 137167947573632936102857112355211121515 -1315385572430560 9628751418626105027889739980517 2281974385663326070129 -9600028918355960243313596607347 143433988594480762846943887736 46075856697557788523080005919 -380607302595658651921 41066695166532929795756155889707458563830593
5044793248064993715509087283793890752474271412855397834606 1028758005142027114379119085373530641196706112251302670075 -2335659063090926834530863542281734964180971388939033167164 -278458510905843628830133176067725948389504966519195617400 -10370494468451688264446017687650167468030275993323172516 -3398930358832557 140014074506994366864832667033467695239172753036118963848 328864784610025170807509578524218769983800534047838532474 -53858882622876225291 -47313531736291127766508636826273770 -1547622887131788099281454443924145685674161901882932911793 -1659186028567780088563049666305524866310643091232875457 259930037724252159721615303294375313047587098674868254540 -277962467626170505638803981284384703052687006032727863163 -649795095676778807681116894204790987869300525337191663793 -2111389987232381119418976926428784006445955168293028181373 2950246566167948150078153948290432432438465900536 291878847757026859871795486346797345849794881350227202 -254479990102889439687155851222803227738859253344262672913 553227430893664080619146905919 -3956804327158956761827970398753577743868737847172 -3936934231898344759178375438535411791200259474614700 -14408439282500970233009036084524324779273423939957218775 23121699728235527200774662512662537930294368012 -1420272700980856451007143387128450845916360 -983405058541283945279883682246250172312128340226 -7425509303287463045026263414351834559 -8061603450054719203935821557812144500 1347527047124038091160418707012337387661 -1175733972108984582734140891426998780155825580106682484200 431966238988524121684713249895645505622566 416930437522833249826036107497780070195289261349662 -3997332190541260027789519643 29267183863136223751025150643796468324252184 6936201466673970051241844094152391 -29179880051888552577981426185226979946036059 435976455710272946604485448718911207689547 140050408510650947597689755368467450448750 -1156879110576063891914859761451766 124824753058349749106561993916992080866418400654201542486
-139544234073787187445018270002102105820221524788983394782596979800938 -28456517604539082953251216211736836827191205164655487420852078265263 64606761662935792345699678219957502381450754448430580534467539265140 7702452353342242391888004019484336371324676298617389204656684964350 286858675154152444858686929004957397904944103647326191273682453815 94251177267613069019491354 -3872935088890482293498322917019350472586505953529427752028376622795 -9096742368946281859904641445908669072986434586535448871553947470170 1489793249994393435258625266167 1308741552490578049998655375582616577814614262 42808860502400961929526207077880354399093541600588333799415539748059 45894813158344281387944208201511545984743664716662571981603737554 -7189935492582168284216461551395860587899558716914474737283183090730 7688731279727186760370330746481323500893594125239572284300477100459 17974008938007357007820073466327698333333716982597295856243910487873 58403245507120946761054834588464978751522994113561018262224033819544 -81606891930137451140106810513562393696778140260365145626001 -8073672844415667227152801506333227668839435622407241955259646287 7039181500576562026570559858842777170074494831333628001120786801702 -15302846780034932965345826650769850649495 109449327665713281115376178856608169643740986921732958226976 108899700141299109446723663641904811921591856076451913967443963 398552433173840606538362536913226652995852530563152223346332279205 -639570289683981109954342925940257142527881679236683278197 39286221751565671417273122937966385235473354492692144 27202007878334236017480446602120256125073062719572843398918 205397319054150530100236749742533706085210610185 222992345479366746072535393410335208765238016969 -37274001220319872440194935750159917542928072927295 32522025887861716746928215873403443954801834212827950164122516623690 -11948635950246086466915921793351871508804138594086583 -11532730025851634807649565679494872284293860595938062961016471 110570370565242718788579045106789813001 -809560779769231089742428715030946537582590467369873256 -191862554807325692991550225099758313981152314 807145865446042198860290466415574471658719207944762223 -12059562720361190296837191496033246417184258965679717 -3873940125263982138417767781510345728248902034355939 32000480785455560111808346274900582979195378 -3452782641916632878057345492053468818724429915440598541286757213117
178385883817876813909964185875548824463852181468909665176011474021516877804869698318847344301404980 36377289803178088838485034704956868371660674509186512668491573103718782878821615667098845741429960 -82589827923378410331024475873302091409708867303194751302555685326885069607615273953249520972974893 -9846403040124916329691827851448491036896007564580354979239461803018744516878082715151332510847184 -366704784599989918551366149631307312278918278953228409663637997293367359090684463069323651015133 -120485662982476312343070777737220709850341924323739033189 4950953032109367455424060214669878017086649849082544914694737083653817082638221555431091911952526 11628788807497078778061293945692173152085548365236799725622320059865537243038418164821112792997594 -1904471993200602971857787707335538500856622074275344211624817 -1673025188606246264679601689853051608082135510151308883337565948664353612543 -54724557174601872052841366153656061288951000137511364594541923074431791450698615296500513167356724 -58669473964639137591304327242982341836928213370930368193263069378126302938721427337267810867537 9191228902797923147616412634361749610188743436239409173022539876487948837271228068022898892123364 -9828862753634414683547175363852661990323821685489487454250840714856576932481727954552201677797000 -22977011493441217712729080093786300498762065313907983885119829083507681735624996289851586956715615 -74659584731471545144487677285924305980205675650592906716439899997245890315647877496528331414923860 104321885022421706174873709599566335850309192169306808659562749654019971110858138928678273 10320951457198340850892266418008251520348161412153393485420879384028628061530227702385149640037 -8998513064114303671274086664621344895932381006564466762260897402105734222523848400203148157567923 19562340686485345979810317760515563090341073806218767617627812527709230 -139914165415081121321852663979819653703098898149191143108838771986795771912525119160086256 -139211550990601140751028303253240640646850819086092705488273413216059668131278216434987398552 -509488109712130052371415587370948933382542933661872471213697485599582269399749888612945777583827 817592444046126801127954078962888148163219625981475763941082169242127071963837157899512 -50221404241700467799010622900208870614362164758525777640282671367712937146407611895 -34773591680123847103253126587040618521055469677875522696717031796282038559812943275328828 -262568944797266564761889493564273496089888897690725780279702020845356128123109 -285061485320305524592838276841230700722125528913265586512622922648611813143183 47649089159782030650049272485237892516635684932401607410164416281364633530467426 -41574418105203994721932716766595030956732710819232000883855086557951191888783413263030729521966512 15274496997673456935216494757152647378236777948962593303276312082982120318094155453 14742825113122750677697695624779266921377539144783854644931896984792484901433226644526612647 -141347246686820167037760932185872623937431135615834197754681849757551 1034899192804064657180666327540178498406015932064946650162402925317296538744121842571 245266826236353659483912895047468053034931746036998684614942962612330528967 -1031812095520928530736170053875652438819493862988937258810446654732917657623284477376 15416299846478961921335822959113110679565913914868563016488237835828776671349682913 4952237816844085214749700259224523830910688399559509519993616795754491622399481377 -40907702746729116630372119279634182800867015920006639936925524406145633787 4413852620264026559401863797280136839380440238458253776247018766559198795326457473055835882823239
356771767637963035776799309378168149412882361404105731102910351888497404647930463385059324453768765 72754579606806730556045399271015847135501003852315333646122024556431484018649752742791141373289871 -165179655847779741417128492647769083285348949142272135983183972176110682508801056830434422005758285 -19692806080371785813735379392512845594518427745787290580219225069872834547152383331892831320891039 -733409569204521678932240713186269952459847490394396502528992137174316002896019108384323644097963 -240971325966444906344224615682277729827253228653678095208 9901906064280055205868799188342969539765478271483031990763234150223010442825485511183883313678679 23257577615138186545245330173038615644437938761322187114156661500296901341908137228750861767899801 -3808943986424793884001877313238583683352431161574029986563947 -3346050377233213872800963484019914913747790319177040615554334584895595312746 -109449114349881538051425916370718501766845134941921114474848276842040889490750067200196460437698224 -117338947930004929107395923828793012615363849220476948024274533911715720619080683430468147515549 18382457805709684755074168388445757565369440201447012245446517503929314632740653484054063982753429 -19657725507390565275284503271287970915639878100433769744177632755427767117182313288598509030798415 -45954022987167018436917481581266341066379061064174046489352794814648901773285868962328899582701564 -149319169463867790590546316106531824364625044198331773719837783064985024081603120019568439012581081 208643770046135496666686040438359421151773181115297427487704054850058583933211478093587363 20641902914524512401075142887606271846713195866422827330086307012458413454826693400997331562126 -17997026128340058910006050987320684451271021918650949174554923349007922991428579664454024130951620 39124681373212982382173731187373809643824127091228941163689067496943973 -279828330831895157063450786509484379965509200511579761685030410021918063790097134659351662 -278423101982926493653064011497759506192082154560492498873544863676226550897280599063259443115 -1018976219430570397123804345950287492810016026167058117308018473505680035235461725948995198574665 1635184888102379937438333858354876553706882722437621556365927905989874091471580765161066 -100442808484022955500953302451805425131137672378222037537259863444777200307154101897 -69547183360678384396238336088498330389968440872312184833616764325803894042101346954390986 -525137889597785191309422085338744031111850111681949494612871820624118261421518 -570122970644141693541522239359124293614293735501656371537888287177710218865104 95298178320154221656255184824087876432058803280832314032706612435202506161205214 -83148836210922911635005266918391394540178829157930709110814017597863746881426841564276556004303393 30548993995536096974396056530643292390765128877844387089241038685645322893464951280 29485650226428099408641271544118309193790967324353469122316473914676709175774075932210837516 -282694493375390998000423546865819876438191739286863255688114747056476 2069798385620947113966345289110748261738125091729443223234523179469472043245883114493 490533652475745084433597335922830594588087952607518728596323026879228082226 -2063624191054636625667941315672647803906262199861121604947877482374406538315059027885 30832599693148863253444155958887083047790900441942816356816120093605592646859618630 9904475633749506637290501458495944650199584470479520705235161317428852997892089770 -81815405493964897812958525780264422790718396238320819153818773070733224524 8827705240582721127790488505542092477019824510996305899224069919616208768302358244821310725116274
1 0 0 0 0 0 0 0 0 0 0 0 0 0 0 0 0 0 0 0 0 0 0 0 0 0 0 0 0 0 0 0 0 0 0 0 0 0 0 0
-2 0 1 0 0 0 0 0 0 0 0 0 0 0 0 0 0 0 0 0 0 0 0 0 0 0 0 0 0 0 0 0 0 0 0 0 0 0 0 0
0 0 0 0 1 0 0 0 0 0 0 0 0 0 0 0 0 0 0 0 0 0 0 0 0 0 0 0 0 0 0 0 0 0 0 0 0 0 0 0
-14 0 7 -1 0 0 1 0 0 0 0 0 0 0 0 0 0 0 3 0 0 0 0 0 0 0 0 0 0 0 0 0 0 0 0 0 0 0 0 0
-1 0 2 0 0 0 0 1 0 0 1 0 0 0 0 0 0 0 1 0 0 0 0 0 0 0 0 0 0 0 0 0 0 0 0 0 0 0 0 0
2 0 8 0 1 0 0 4 0 0 7 1 0 0 0 0 0 0 4 0 0 0 0 0 0 0 0 0 0 0 0 0 0 0 0 0 0 0 0 0
16 1 -5 0 1 0 0 4 0 0 -3 0 -1 0 0 -7 0 0 -2 0 0 0 0 0 0 0 0 0 0 0 0 0 0 0 0 0 0 0 0 0
-15 1 8 0 4 0 1 6 0 0 -9 -1 -3 1 8 -12 0 0 -5 0 0 0 0 0 0 0 0 0 0 10 0 0 0 0 0 0 0 0 0 0
-402 -82 186 22 1 0 -11 -26 0 0 123 0 -21 22 52 168 0 0 20 0 0 0 1 0 0 0 0 0 0 94 0 0 0 0 0 0 0 0 0 -10
-741844 -151280 343462 40948 1525 0 -20589 -48360 0 0 227580 244 -38223 40875 95553 310483 0 -43 37422 0 0 1 2119 0 0 0 0 0 0 172893 0 0 0 0 0 0 0 0 0 -18356
-5117923958 -1043671164 2369517419 282495122 10520828 0 -142043757 -333632099 0 0 1570057654 1683238 -263698055 281991888 659214704 2141997277 -3 -296110 258169002 0 4 3994 14617308 0 0 1 0 0 0 1192777735 0 -423 0 0 0 0 0 0 0 -126634247
-165409173638532 -33731017930187 76581817436305 9130124846884 340028785304 0 -4590795147224 -10782850671239 0 0 50743610347706 54401553523 -8522611458912 9113860531392 21305545049144 69228461077317 -96733 -9570152162 8343914765309 0 129736 129084584 472425314170 -758 0 32244 0 0 0 38550080287213 0 -13670356 0 -1 0 1 0 0 0 -4092766192338
3773541315957661207 769518322284990804 -1747089631065694022 -208288951402773218 -7757203797920374 0 104731525949130564 245993203500548924 0 0 -1157632953214387861 -1241082978388011 194429521365840188 -207917907493081249 -486051364222606887 -1579334763417060082 2206805465 218327459046557 -190352846889430795 0 -2959717847 -2944854873483 -10777615306997868 17295197 -1062 -735593995 0 0 1 -879457393428367239 323 311866939735 0 21892 0 -21827 326 105 0 93369805214627253
-4326663602483277315177863 -882313624709713400385589 2003176455241622602163049 238819758252753785812981 8894247742187354640254 0 -120082978670564064433105 -282050665655419748180143 0 41 1327317748589907220712453 1422999803273703407905 -222928825446909187241046 238394327061051063987563 557296335308732337883294 1810832230222704713445457 -2530277021973277 -250329701303314151761 218254595698406549050860 0 3393550621928826 3376509047830372939 12357388449189436968749 -19830310526296 1218099495 843416699963672 6433 6984 -1155822 1008367465857640392343070 -370476644 -357580114802401469 0 -25100979703 -6 25026102255 -373915965 -120113357 1 -107055867146523554537000
-674330747112302004696014599338728 -137512702720031691173596078482173 312204414247866653393277546027931 37221175668782826477347255649498 1386210086115490942573413125092 0 -18715493544706441044319132699048 -43958914667130378008127880037152 0 6324378465 206868675565241191292737416634310 221781171046316390504742380405 -34744499510015525037018626370574 37154870228909682979344345936208 86857238897887702126238764655918 282226667679979893471248282605033 -394355501465320886838577 -39015054095580260204608175792 34015998954374161422012361835132 -85141 528900727325885066644668 526244718343272936559947301 1925956753493883683554957786087 -3090646590567119431720 189845947298235867 131450435177798009436763 992563420140 1077589772418 -180122143057361 157158783092185047244496435874932 -57740347882202384 -55730532373446628034531829 612 -3912105212108007052 -927192250 3900435428635024159 -58276388169299987 -18720350194491979 154662226 -16685157319426613801712985680458
-1515910066431923734812751269070339760968127 -309131522191795491382539058828616768250500 701842258223478400804247363393666609883548 83674005853009278895724470946531024799782 3116230177447296052165699559780616558334 1 -42072833226359345216466888991294115270966 -98820588470404016395508021736477306886205 16184 14217244495599545114 465045245321674972119318940802603617307517 498568856861247405334835932123200099770 -78106384420285187830091881785273398149348 83524949793807879926068914039850231425573 195256946760374653744004094059077373489492 634451637247335235053760624036942093893848 -886519674483316101050793812012932 -87706683254688569137647017958420437092 76468699455707890324514891877539238298178 -166239326413976 1188980244679470597890975004788064 1183009479190106596177301493538671870 4329592329337614322501179548913421943413 -6947840208217180252302248620519 426777784267205707545247704 295503413979276268273490207119275 2231291501501057197976 2422431449734369507068 -404918440673090870429175 353296334681234164409181811625547512754723 -129801547425676692556223264 -125283439016089196880669803736629505 1201158463413 -8794496910504620990439619272 -2084259375775960960 8768262985782536463579789163 -131006577562323900746466703 -42083751232150348017826884 347630636803520543 -37508593592732627423652469714534172165172
86722671735008299458014181499114619991074691629908489226 17684895770290364641349511885786349003750178029215309889 -40151218147745568458748149155266451186168729342206606698 -4786849499207780107713236587956012557668430888470442206 -178274300510177902017678692239632190567684328578551685 -58574379910454 2406916205418024705724601935530713094828008200395159542 5653360080094205954024282359400423441588328051289236912 -925863055798218297 -813344706042036215328194337945176 -26604458301991990149164118328676976050009328691376663919 -28522287877305279349862175073342172849840131483361278 4468335217558202311169905954413381884961062508584266214 -4778322252124671309506401738914814952160679591274953819 -11170322351468069201394648089225654531544225248188224440 -36295913779532981582361379001333041484703847266877097871 50716303308020556714074000840842214776175079783 5017552207939165574249309726369110966231910151356270 -4374646008195877862241968936264269703161440933104546490 9510272973474206462643558327 -68019565106158687018780223627144791489710862646 -67677987629363111014502325369654550430327751537346 -247688713623578007093198019823982887193198500121450921 397474282272383604203032144477707093289039674 -24415241054447584919654521708588281398528 -16905254562639244151492822703577187424406191722 -127648443476102654094668627795243629 -138583239248717484084231560752969067 23164704679742200290570774952091373753 -20211490599741473031981037380453321492279420270236513832 7425728766739202394517489293613894152825 7167255364428411206185270891029739780398626214493 -68716260573528092483945985 503118414167802039255528562174558286092183 119236982231724336515185124535385 -501617615345778764536398762646525175592076 7494666519238744262897756730960345012382 2407540806212742477505630943929430710645 -19887365529213269517035447514890 2145803713171968393483086432456856842430081981752939809
510045019891363249662802969300741253710074486856730783487852195947918649805 104010783275870803055341296363058786226413855502427205698123275400714706582 -236142734640431955104030521830491709627803375054560923103828085643244489478 -28153061929419358427836538321135227726852615272373719661248762599562711251 -1048490750235116192792679312744714798178390676091030132386596952541393336 -344495470051616283378367591244852 14155878725928455487985288687235614127008100561524345143727669263116237765 33249300290418598217385771981921567837152897166366703391218928663890546650 -5445310104694370262988182792169299739 -4783552080122104135213877454633993607015144334318473 -156469711926099599510403867284522714630757070665995082599723471146609885567 -167749108701118914602233382060794238190041717779625926267495066911233473 26279772974299891980138417028778499654053220422382467786928165394610984864 -28102910339055392803638726671188264422008295651028552293302694060490238525 -65696399476211612591816943094206348767242799982679099993388495906727825197 -213468400999273403973110876165783753353733381428406856253242223503397864978 298279531892160299467168972897503500516899989088310892247588891337 29509901672819355989063101760158644729988976993238853456711970352680359 -25728755418027779552396444003997086752380820176991836384328060477980027166 55933094205743029475519377601536554374610758761 -400045798215043483610208724766911877998543905266302516908826846406 -398036866900300421296448357367657784955616534124369443032409200669165 -1456740115814559550166693353430671538264814114756360475930139987332737884 2337679111494498111879343603305215836070034400567067643824863455 -143594193538218202341481118726930838162810006248703408926384 -99425452735321767002458015851205916866916241086936276313818034786 -750743163112075733886911705907594647143488728881399324 -815054352052301849811967472374402138319131083488900778 136239371121532885165106932584404761878528514371377926313 -118870531992821270155372386543676855582302126287587598202579023660737903633 43673192958265843655058174524577514465934638823040283717114 42153024483454229725038279160145607274901763011400457516742153174317 -404143297132033323401355596459702508749120927 2959007563166874874407934812269159794285304591513465149593947 701272547967587652483133218573591869482148924917641 -2950180863646237435978957281787615627572083439597450071238778 44078638923449371725245173276270300469675990846612350478603 14159552211977633383667443079644415662118905617544731934869 -116964244112876824466431758183969630702761696614440 12620188881080636597446793850820626091275569788481598311471595867351219687
-11892899177375663148688222477128118274023359543422444834957061730912071926149814524963016206483149 -2425256027640999591637532349192236544666902798003077522561297318185660096574188359483093249583119 5506223225445100730244661079778302653770345523235265235883338083714775072758596562105098233137899 656454850068554163078476892522085811714886210865515427667629941592132079301798838891589438429770 24448027712559882547649365721002978175029384293918208180504730448220432651152958297122633077771 8032719918762173292751156924026440224737831424385978370 -330077604699449348887293071125995188748427060345870245466132980461995398399247452201316353228518 -775285632935814678298562103342263819836405819071157891525592685495646094069750336777035586151940 126970211524106134355123652057205125042765181718393370036984 111539766843983953359336353562155041256094869477552392492717789669038872610 3648459323544564127184574854366405500970998297985902731469593770064415747785026172059177603409492 3911464986565238264682038124370851282030260692580367718726273289905902059254956000603217047892 -612774712424876186793791679022039028824457535595764546243891929005682446770565100951076349721855 655285447791259644900319817438704038204155746509273130929485601209467315416517276216725179935236 1531866060477557423299420661285320464000718075356897359734826196402180333723024136702117643458947 4977517810448768257843788896569607122453964764065046803597220266924796029288398288181239720918939 -6955088788483513378314226142135638270949345307234443456695704842006222242338049090003670 -688092759740820890753302926462303618990066709006039899914287625413472811902881972430025651821 599926442201388957382847760071111577617438566838393182930140182486508182176775152696727309736241 -1304211636473271704021462810717292159084370983339797616814154006579755 9328008624645812096200622830540537268838289933838278655271597238172104021296219266761994 9281165666379891095769786865925646285677264499572422710848383994504511200498478032479227864 33967321803693334749025415145748614151817590957117405962526570742364643634156791242570688098788 -54508486305743780320608206862015426616135309735679335015561738270909013752675865901594 3348236331315103396061703361706996477348729657181730745382227488103922448899019255 2318338262175303378578485833112244818119461805583289689618040950513938037127529923193930 17505342467411469509654495692693029191399561743331016741676410390444163938462 19004909086464379906552762280490986772602699822618814834674235993174260702233 -3176741349386309045717112775542443670390277810964303663483047924009500510400977 2771746016562900686831633940107968804630667376747379136091883532196988400038475031843638252708008 -1018343205698504718519703043538613567299559356846603295897912265563195241021734706 -982896902532148480002514549990712417936404925699993624978253531100079175298404472185341176 9423551448511731495220215572223785093886358193734314213646222826047 -68996220414682643067625146171310672770100917962292543404123515272410198505421023055 -16351818728896258842113246473025076310034131574449978675116043850284521718 68790405156472122254063177909439426621726888692914320372992250675109066845017007266 -1027797131916289388920003645387389297008118065677749178977016613758753652271322743 -330163260666096516928030102107228945772429548601547483914883179419151471179983296 2727296431379103867486929753301982091656065407133284447801534486353033394 -294269384287092663673484114533562815229339567348653278689997355562112108851335554787821524667749
3840893800018937886471470791791326664062639862308749285590637465388977343524505631034629903927017106669784831 783253158131993288068129941343603261945217959317553733981917115833180842364389758019098835475058501297610703 -1778272760300920385170865205081832060963672191993735916404921728948247883682394264355887529461486398591674961 -212006620590644569350049623222500033606487445574548774305342961884511246891549585319933462306604778664085046 -7895659137722825480118891275902355794347578352634228669862604444054384481853606182028705949188427758986728 -2594222289545245347609189375837952147284758841989428640610323912451 106600838576601247940380406725438654028662749351058455324226966663971452120408720920833837508013243491500883 250383841347255094526585035142599481483062793046517985594675636294072572888447817526592099536699509784886290 -41005905368958627463856561924727351146464177368939511345368227743091957 -36022536854731087709810830757962382953105734425618981395081240720446137273667140880659 -1178295097471418044450701911289741442204883088933717705736980405729074960138467152667504627454330300074818912 -1263234589970242639566657422471504618816821632376159302346324848022812359990950893310159660460481632775832 197899818930479687901263514577512608510745340054664082606120910646129043579992770116809023792591268534479208 -211628954061264332407471147076728226328723846244990849418220276775049445214843041525964632143909787328476386 -494726707625719163120650093375441400831013797430850629924812062799690005135913894478658732442500480394944053 -1607523700697443949364279324688865855211445119953348050087429088143553406353494442796596284081100356465508602 2246193884926410517697082761154690054565676868234929707418894502959487206921589204198424917181194673 222224301687019851869703938879219895251447588414537544022510432577745889404671614959254733717241399474346 -193750381463100976416687127669006221608408629697286130301578661023596696182276569294079284819562930503222107 421204141541215328470440025777470965559885126564276296728763878984302474821016033 -3012544709122070581697623370404953314005958564251404630473014792747178216417793646623307713303443753 -2997416452731871916176680622031184525886749955478844572390259060571317937210939821683674293108447324937 -10969980807307469389790492395582807046453053284502801016509400221938566406356452664934628051061745830078233 17603891530370057927037887863390027491765476881611216852035567508243821075079661157266948130558560 -1081336011862510798178290505617266394791196513047076200068595958664578171150526891568877592252 -748723328494634048442171644395968548957228090099884646102192475609068087216130416256201780123176108 -5653471062648455237669486691850261938918364913344728997149829799161822364766260611235367 -6137766442936597750217074477096804402670175895484360721598379010374824075217404101972835 1025950524858826622594168704201953190369746724665084591457301548064230502181554015445927785 -895154489369245664750154911504024467298319355995232466370927894817475384159257903202621312720393327985342530 328880960539841315218406199960839011023682881553331876790652905611194042978119844384095244144 317433332502748028828077774767645912722749439511039027804354270795835301597156022432439500789521160862 -3043400922930812238678175729043329793129183535385320950283671479590671247280195 22282805164919612314423671822460068006224843227237624622238409969346785820216485200869568966231 5280932616861731135290969105396041103023940300327749040684473493104018627038853021543 -22216335708026047322578876802662726615550797236800958309929425472198354385871455429015857095736 331934171203966215410964735449655848082851022083318006822298274039585218422466092477803071820 106628501761693710329711767855601740241875161951496374849060633079822747632109429227222667505 -880799189320066908657361171865129754909773605808844033988389240412650647478275377696 95036326869214391754123985429290595884711202839205961651091738686826719323629550309397247805864154005299373
