0 0 0 0 0 0 0 0 1 0 0 0 0 0 0 0 0 0 0 0 0 0 0 0 0 0 0 0 0 0
1 0 0 0 0 1 0 0 1 0 0 0 0 0 0 0 0 0 0 0 0 0 0 0 0 0 0 0 0 0
0 0 0 0 0 0 0 0 0 0 0 0 0 0 0 0 0 0 0 0 0 0 0 0 0 0 0 0 0 1
0 0 0 0 1 2 0 0 2 0 0 0 0 1 0 0 0 0 0 0 0 0 0 0 0 0 0 0 0 -4
9 2 -2 0 -1 6 0 0 7 0 0 0 0 -1 0 1 0 0 0 0 0 0 0 0 0 0 0 0 0 -20
20 2 -8 0 2 17 0 0 24 1 0 0 0 7 0 5 0 0 -6 0 0 0 0 0 0 0 0 0 0 -66
-90 -102 -8 0 23 -146 0 0 -44 64 1 0 0 72 85 57 0 0 -112 0 0 0 0 0 0 0 0 0 0 88
-351238 154847 23093 0 -14519 34602 0 0 -379628 -286921 46913 -137513 0 98236 -263979 -198757 0 1 221063 0 0 0 -66 0 -14 -978 0 0 0 866461
-6082102181 2677757200 281689810 0 -161095184 709958689 0 4562 -6408227292 -4962070213 838885704 -2460494695 0 1821935938 -4644466789 -3444499248 0 -8578 3813945681 0 0 1 -63879186 0 -3988163 -315461187 4052 0 0 14631285197
4637004022390 -2041524309144 -214756569052 0 122816225058 -541279008815 0 774291 4885630770200 3783091009073 -639579993064 1875888105709 0 -1389053166243 3540952824285 2626095928867 -148 -750909 -2907755192195 0 1 -935 48703174452 0 3044873571 240521575229 -20223 798 137 -11154889718809
-668812356507486493 294456653298683980 30975139879093713 0 -17714241888638013 78070687512904956 7073 -111162782901 -704672721150036379 -545649303863121067 92249004035373087 -270566326931443275 -120404 200348310109917085 -510724810510375065 -378771593508445485 -88178 108442199206 419396359254063898 0 -7073 -268455031 -7024640121711263 -21214 -439173063037404 -34691319520796712 3752167776 245537663 22917370 1608911287734625989
5907730761875846998348798 -2600984583806500529240853 -273608561425089795122312 0 156472844343836169216605 -689611365183134967951310 -18481703238 981914204736272751 6224491326103094456479689 4819811037114173020897457 -814850792715129612973960 2389957358257231435956147 351581878533 -1769709939102504570620641 4511317179658850833535647 3345752471356053085668250 -1271069702703 -957878433481472869 -3704597782728818653967290 4661812591 13819727450 2386092037380400 62049814306186843516609 22829961691 3879288669031939868321 306434194005237400845143 -33193997790255281 -2186301142707717 -199790900708881 -14211780950818162146997098
5421106921349201199428809354653 -2386739697175846413058876618957 -251071236294962962183574053740 1750 143584068683289947525205763253 -632807603379730575562797531981 -16959312201448471 901033257273472353607033 5711775700336948979662157645508 4422799891543875829288897081342 -747730973246357541261900403786 2193094929137193664751838340602 322621830888933531 -1623937715909518225997556519889 4139716885013337769532199339628 3070160542290918988579504098134 -1166370889210119763 -878977329006199068363034 -3399447518896284236950830323065 4277787050163220 12681374063800989 2189547997350506594572 56938728483437833144110986085 20949677762336978 3559748996909777472336800936 281192998973497791646710224828 -30459785393093835320708 -2006214015993808213854 -183333986949783414157 -13041146792667287077667205650661
-869000075360960264923356872907502621766688242 382592892338048780874607452176441998907846944 40246563372889823883389126626986953101635988 -287551985792591346 -23016437107157896558381937337880646687525291 101438666125609888137051340580927196743178024 2718567221592739599284742406605 -144435071994209441208563133390715481638 -915594100254785161167842860137966568408323389 -708972077994272248001705664186403631865755104 119860810998188635073913246285584580071109357 -351551756189978827325818650284523644155890930 -51716079284743695708977148654594 260316208106749180211905644456846085289230144 -663594047717898232512838019698539588474652039 -492144829705194754038561632495689986152747270 186968529735284913587781979588065 140899520380029832270329297893456557350 544929327712149439323781786479311142366620672 -685726609510170173258462367782 -2032816392853401795550527059218 -350983185225662903090380593940378482 -9127242841901049387175677153141301909121384 -3358220344737884273684097951130 -570625555160755001163410356777582104368638 -45075063237846759527214818902941960060075379 4882684696336794541685028515969003218 321594861784230943621418478045665265 29388324338000019048813958284392387 2090487738028367305875939195169199103245598350
-6513999539771985787465740492505188744094630419616 2867905303201363714529511929469323314557108653086 301687080037952038678414387117879303259853065327 -2155441334061582191656 -172530549736650737534194983452470833940060531564 760381320085432090700611157125143927460543650901 20378301604793940554504584243956436 -1082681140282305570881942004679451567379998 -6863267008579083583185081456840437474078118925564 -5314434279936717186637191324052029400455017402598 898473187536358522721154177810297167655487199193 -2635221840546268149933164334453453162374562654363 -387662241018450195838145069134795937 1951322799481004234599998124860191821966812717863 -4974281871764280526543263316535406989996123099727 -3689103470870449788447364032418140561131049564775 1401510714647062703555023146808269432 1056178747197886374192000580210111011936126 4084774547862677417689021427561407037603341435254 -5140186917594051410612199385875600 -15237933140555504751039383067081221 -2630959848971246438898707815431618448798 -68417549500021125488901839543391602795625476755 -25173122995402503761135778931691823 -4277392728827236469962940630370317626876945355 -337881375976365935430513021221500023329809309414 36600463874043146299187761869363825018299 2410665822768037359272790941521017790784 220294032923857435210361232865190832976 15670235883189574783661832919149396442780878125129
1 0 0 0 0 0 0 0 0 0 0 0 0 0 0 0 0 0 0 0 0 0 0 0 0 0 0 0 0 0
0 0 1 0 0 0 0 0 1 0 0 0 0 0 0 0 0 0 0 0 0 0 0 0 0 0 0 0 0 0
0 0 -2 0 1 4 0 0 2 0 0 0 0 0 0 0 0 0 0 0 0 0 0 0 0 0 0 0 0 0
4 1 -1 0 0 4 0 0 4 0 0 0 0 0 0 0 0 0 0 0 0 0 0 0 0 0 0 0 0 -10
7 2 -1 0 -1 5 0 0 5 0 0 0 0 -2 0 0 0 0 1 0 0 0 0 0 0 0 0 0 0 -14
-17 -3 6 0 -1 -15 0 0 -19 0 0 0 0 -4 1 -3 0 0 3 0 0 0 0 0 0 0 0 0 0 52
-28 -36 -3 0 8 -50 0 0 -12 24 0 1 0 24 31 21 0 0 -40 0 0 0 0 0 0 0 0 0 0 23
1515 -667 -70 0 40 -177 0 0 1596 1236 -209 613 0 -454 1157 858 0 0 -950 0 0 0 16 0 1 79 0 0 0 -3644
5768646 -2539750 -267167 0 152789 -673376 0 1 6077949 4706339 -795667 2333691 0 -1728046 4405108 3266984 0 -1 -3617381 0 0 0 60589 0 3788 299220 0 0 0 -13877195
-29085749205 12805523532 1347067143 0 -770368538 3395189122 0 -4834 -30645268200 -23729553816 4011785024 -11766565393 0 8712878350 -22210734605 -16472266798 0 4716 18238983183 0 0 -12 -305492144 0 -19099045 -1508678791 164 11 1 69969386416
1269907180264872 -559099446448929 -58814033804290 0 33634909334540 -148236685038139 -4 211069185 1337997032553400 1036051385931400 -175157757559177 513737699314871 76 -380411269442972 969738518869485 719192403652310 -272 -205902534 -796328660513785 1 3 512898 13338032469267 5 833879662731 65870128299969 -7135247 -469950 -42948 -3054919630099031
-71694496726227963152 31564789975207644183 3320433665993677979 0 -1898908782192145390 8368922308130550040 224288 -11916224278738 -75538610507028892212 -58491820387511663745 9888791457403732622 -29003825140973549064 -4266695 21476683442335924905 -54748028947976045411 -40603075744812803092 15425332 11624533172126 44957917737183487537 -56574 -167712 -28956916734 -753018441081668100 -277061 -47077915360803055 -3718795964888708827 402832671598 26532312734 2424604074 172470026804128472731
2709614285290736256697536247323 -1192956359755513033048662894409 -125492121509590795236287554653 905 71767159233151656773560386492 -316294171436775108899300548511 -8476717998086725 450360529842236889546845 2854898318101732684473694519477 2210633721300412069279176755725 -373735946561708975632684027382 1096167523570972909629665457516 161255023080362751 -811687520148691357948407255080 2069141260526866781719988810454 1534548383608898306143766209577 -582983377602243010 -439336386770460385535186 -1699134824849580185861306352218 2138152423244310 6338490057278809 1094394672163023343837 28459499936705933836732719688 10471209470815261 1779257792553467151603999700 140547784427890552150522166094 -15224615715101241863914 -1002759443035371114728 -91635231923225774373 -6518314093164986188214532068386
-1220940436531390864011545411495690522250282710729 537540957969415340889019364844512469253848263788 56546205284244026096951059826801323313752353430 -404001481708484084419 -32337970462589365093453904329932133081604404860 142520780851623987732502015810746156474020222608 3819572338808665857947326407288546 -202930500066761323651145485934228089563724 -1286404791146079511638817430576360996956322204643 -996101960100913479961021805812805126683881003726 168403795410889796101832285303310652594293870127 -493928328473022674288894216273048676824700891076 -72660813511873772334557398652489425 365742873647084655092969747727586030154019419277 -932346071389905694137523641199918066583567391199 -691460841320799209677087322469339017261120790917 262689779650261276534153093142612340 197963069046225830453159227544107536047985 765622777396503314068097432845798701815059592031 -963442201784359364963277690196465 -2856096109137461838919732505777648 -493129489323230185257644219377587324284 -12823727149954301002890531631536218645265323222 -4718281539814318403498508469464929 -801725838889655212966541617370555685011954182 -63330221649793272449734784502840881003210153842 6860145762489545859024964805850255575903 451839052798695435663899453075403851782 41290437784208055823126089393041804895 2937124039225991519976538483367506049958031282351
-157181192480041614829048792142220735314681001796598184 69201843310662048559074914718023116525625289733548921 7279634379256790652660350877735828642796156660251607 -52011231461348887302972194 -4163119352598717422859716678277201547942182873292857 18347812569044178450415676226221050309635812357817814 491723360955530128344777102170998479677 -26124827253392904135715360363678383123400028689 -165608929833475172673795106153281926498953818908339497 -128235980426013989509982580770457216582213198741646180 21679935063865882478648086826501906123420022750600925 -63587249095969586644547949842711429180607246212198990 -9354193679433111084398027355760715595520 47084934941007596237852586840220961130126673004634575 -120028187223840545606302739552605850174250072922011846 -89017151320519580265858489266402951669980338157627951 33818105766935877073249410304564952658154 25485331084695042706052047142919506708940027152 98564596224649501247026538777390463676200641579254875 -124031434811250129463825290551255936336 -367687545468800846230588563666913778667 -63484408296855061001187494194239905035446123 -1650898491981168269131744122830569147268945461125631 -607421211301255841185206182337672289158 -103212425134137820811024658222980863991051240066348 -8152993758826928218547955331710142657313631221928989 883160111068438674404878682589928125307197896 58168768109373257932459491302469589249263093 5315640349649380195510252379460522081638388 378118903374913647688849360409812981166709380223082365
