0 0 0 1 0 0 0 0 0 0 0 0 0 0 0 0 0 0 0 0 0 0 0 0 0 0 0 0 0 0
0 0 0 0 1 0 0 0 0 0 0 0 0 0 0 0 0 0 0 0 0 0 0 0 0 0 0 0 0 0
1 0 2 2 -1 0 1 0 0 0 0 0 0 0 0 0 0 0 0 0 0 0 0 0 0 0 0 0 0 0
0 0 -2 -20 10 -6 0 0 0 0 0 0 0 0 0 0 0 0 0 1 0 0 0 0 0 0 0 0 0 0
-3 0 -23 -26 12 19 -5 -30 0 0 0 0 1 0 0 0 0 0 0 7 0 0 0 0 0 0 0 0 0 0
-4 0 -16 -4 0 -3 16 3 0 0 0 0 -14 3 -38 0 1 0 0 0 0 0 0 0 7 0 0 0 0 0
-322 0 -1099 -179 617 -138 818 660 0 0 0 0 -585 -6 -2046 0 -1 0 0 47 0 1 0 0 31 0 0 0 0 0
-101 0 -226 -120 192 -81 232 191 -11 0 0 0 -259 5 -539 0 85 0 0 15 0 -16 0 -63 37 1 0 0 16 0
2041667 1 7530756 686087 -3707776 521507 -5260958 -4226733 -751 0 123 142 3373947 192217 13378412 0 372399 0 0 -326623 0 -27625 0 -342469 -159815 -1412 0 0 -1088 0
-4721592377310 101920 -17409308263248 -1586941050735 8575457297858 -1206504130120 12166044081744 9776327629490 668044033 0 -18719794 -319428 -7806482883206 -445908140883 -30931593254906 -1989 -856482328703 0 0 754369557110 -5876 64063954954 0 788636718851 370484518777 150673730 -96052 0 2446199853 0
343582896430183 -10676726 1266848173134669 115479216051577 -624022629619835 87795414984682 -885304015147600 -711408085445102 -48614567182 1 1361520427 25169805 568065554400835 32448042393233 2250843716283276 150765 62324890489816 0 0 -54894292057182 647272 -4661837551251 -8 -57387868788206 -26959579017650 -10962821121 10005858 0 -178004635829 1671
-2010201420646075225283 29757080097316 -7411951928897682933889 -675634608688824347419 3650970885491102172023 -513664925168812992744 5179650642834644423505 4162237228631357353808 284409781368683846 28204532 -7971294611516723 -127112574900722 -3323582753802408831362 -189843814076722425993 -13169017398381415232647 -2121163212072 -364644312466449457627 -22546561 20555170 321170202043226866767 -1396896040805 27274988601465052035 -1526991090 335759293005629878744 157732485282710401928 64154520612411775 -29519320778854 1 1041465338276899000 286744967054
29147024155221055828268 -431395284990406 107469997627619163343530 9796400528545108588523 -52937449698404358055780 7447912347488205583367 -75102624469123261354921 -60350583676050399439266 -4123814957052996996 -261424018 115580228231623594 1843033504693007 48190467786993395265021 2752650643670610530732 190944879586552534842382 30758587578184 5287179918362073035864 208946738 -190414003 -4656824704629119219899 20248999509485 -395475171431119641855 22265947153 -4868360017436934856416 -2287050696204340058917 -930211969726302377 427956449764502 5438 -15100782993860023514 -4158791729408
-65151593121498919822315652276610289219691 964286781649542155513157854044066 -240224920421211180696892894306283431601294 -21897642033438224323959102324673998184342 118329719194419044948267617984785641201878 -16648126830512767867788847733494388613136 167874964034452314302770934915208031125917 134900106829694628560408836740560897790222 9217857464950229648659994321569731174 584362283048581454049601814 -258353510208424988036551600911624892 -4119685371263369450726341162927262 -107718912670900836771708059890719295291569 -6152929156232060070298492441214671538687 -426814176198782038921020011482500109133346 -68753879328939695321216352815508 -11818297228795543224721509230914809407002 -467053508788031904563584715 425628079796450196832796760 10409280439004724770031387249704631790050 -45262067679619146602758313972558 883995474856049447638752614031809137851 -49770499627055898372216935176 10882119880777210937738643724135482611775 5112185573862606166080644677581891572946 2079278880944847859960855880847944610 -956600041589392972057045543462734 -12055892708123656112882 33754391672803784762106249891788580774 9296040115239312726921982930685
-1172728847703446936590721526869417715058521 17357164608249197553446368838731850 -4324049199991962124205546002968563813236581 -394157614249076750788617737978075747284441 2129935257011423509991892429409424343234150 -299666326776675153419219881315981856463438 3021749794563603747897631850276112184117316 2428202278069175071641922304814079654672318 165921458635806822471920946052609298087 10518522633252103928699995421 -4650363863886686008993022279421009147 -74154347528122069380907830349185444 -1938940711654349968454854618889951790497299 -110752741010225604715205877919952161712278 -7682656295198479441875717926949751323219357 -1237570008920670122845454864512591 -212729381230875621904750333305144148146603 -8406964387738044504737209626 7661306556834018348059239751 187367075305298273891516812052487001112231 -814717337388940184383544568899043 15911920874593428128314095591906735704077 -895869124311587720367446848386 195878186501988399023337230053521116978678 92019353787739720482688559557027169899411 37427025330865216306501959425076482229 -17218803266930591225664776838378602 -217006100484659602955682 607579138971441543853201854890740363046 167328746546832021806751615572306
1 0 0 0 0 0 0 0 0 0 0 0 0 0 0 0 0 0 0 0 0 0 0 0 0 0 0 0 0 0
0 0 1 1 0 0 0 0 0 0 0 0 0 0 0 0 0 0 0 0 0 0 0 0 0 0 0 0 0 0
0 0 0 3 -1 1 0 0 0 0 0 0 0 0 0 0 0 0 0 0 0 0 0 0 0 0 0 0 0 0
0 0 0 -4 2 -2 0 1 0 0 0 0 0 0 0 0 0 0 0 0 0 0 0 0 0 0 0 0 0 0
1 0 7 8 -4 -5 1 8 0 0 0 0 0 0 1 0 0 0 0 -2 0 0 0 0 0 0 0 0 0 0
-7 0 -24 -4 13 -3 18 14 0 0 0 0 -13 0 -45 0 0 0 0 1 0 0 0 0 1 0 0 0 0 0
21 0 70 13 -41 10 -53 -43 0 0 0 0 39 0 132 0 -1 0 0 -3 0 0 0 1 -2 0 0 0 0 0
-1421 0 -5237 -479 2581 -364 3661 2942 0 0 0 0 -2351 -134 -9307 0 -256 0 0 227 0 19 0 236 112 0 0 0 1 0
254785 0 939435 85634 -462746 65105 -656500 -527547 -36 0 1 0 421251 24062 1669120 0 46217 0 0 -40707 0 -3457 0 -42556 -19992 -8 0 0 -132 0
-34959645686 583 -128902114707 -11750039667 63494457578 -8933206145 90079904225 72385949727 4946228 0 -138642 -2264 -57800812585 -3301595810 -229023907053 -14 -6341571612 0 0 5585508165 -32 474342567 0 5839228840 2743143953 1115697 -552 0 18112249 0
1331166225836 -20253 4908234559137 447408882372 -2417692618663 340151683957 -3429992600929 -2756255949210 -188338020 0 5278543 84512 2200894430151 125715598547 8720594373011 1384 241469432655 0 0 -212680640300 965 -18061645229 1 -222341616475 -104451302719 -42483230 20034 0 -689663746 -185
66201111927700174 -979820150 244094673402231742 22250388390426181 -120235877734478540 16916309408398172 -170579240682237858 -137073195656736346 -9366346769522 -594 262515294392 4186048737 109454143065357006 6252045916901765 433689671995767982 69861435 12008676690057915 474 -432 -10576962226300246 45991173 -898235646600011 50573 -11057418579074333 -5194537127270579 -2112773722593 972009609 0 -34298136916174 -9445791
545055743182628687313165 -8067186856560105 2009712522102005990996305 183194838079014230907683 -989941917703056333136321 139277594107049450116208 -1404435546386687898353467 -1128569148667712980128625 -77116243984341833866 -4891499190 2161375612773149951 34465130943633482 901172315021845419154531 51475170649257716049458 3570711119451388648185155 575192316429942 98871423868049806967525 3907437705 -3560984184 -87083643144343998936093 378660765533925 -7395472427193516760684 416378403185 -91039399880189462436895 -42768349532955966890983 -17395167814418181221 8002879825553455 66615 -282387953347153273359 -77770306972855
-3339697597413114601401854235219684 49429739068491244388070792 -12314028731014058869909417263435896 -1122482183232353110697262413870284 6065630324022963837484181289162102 -853389863753697546154560624601229 8605340056783168702224008069435708 6915035244491018513854613498996813 472511184363231558905156431851 29954652207456111569 -13243307737959284035532039491 -211176775230169428194009501 -5521715995065202827768432641518946 -315401692201146157000281546305644 -21878671119134343036889290199785246 -3524352277610251366731660 -605810801693171002563563007164667 -23941355942807203628 21817871327212434351 533584018553675705778026406246651 -2320152300829817813640261 45313973489415905265853423664272 -2551256386264477141806 557821963813200613860901475525819 262052745920115948061157141634092 106584695021860979497456552334 -49035713595269957248902375 -617990044187742 1730264071387768317545327768867 476518859338161371069601
-195454785972903483896432013396708743701075 2892860442757428167637360713620793 -720674785629944532009059142894738968024321 -65692928321419605786966791270034968968347 354989169585587002143387737729227131994130 -49944382180178412383938586211083502663970 503624909131122313430834493723716590574857 404700334172168678974459785970387915743657 27653573329829379990583035901580071332 1753086908418333959246711422 -775060556830391252784652840757303336 -12359056531654894240384556015765140 -323156748938765139591260908871486332854180 -18458788092795399629134450826293930958574 -1280442571888636250235250182940311577481040 -206261644960610158741722119833042 -35454892885131144369801404029291291588474 -1401160573737911154322746599 1276884282561333497917567328 31227842372840372163911533135103133100066 -135786207629844982626722841467021 2651986514232903424342771232950388992226 -149311503929451070170489895857 32646360746118520450284028917034451915998 15336557240123128292487065087813328008431 6237836853738373869581849625776057662 -2869800221797305059563144395531349 -36167679347214167471444 101263178442161077391343255712377263903 27888121288626792206044580213184
