0 0 0 1 0 0 0 0 0 0 0 0 0 0 0 0 0 0 0 0 0 0 0 0 0 0 0 0 0 0
0 0 0 -1 0 0 0 0 0 0 1 0 0 0 0 0 0 0 0 0 0 0 0 0 0 0 0 0 0 0
0 0 0 0 0 0 0 0 0 1 0 0 0 0 0 0 0 0 0 0 0 0 0 0 0 0 0 0 0 0
-1 0 1 0 0 0 0 0 0 1 0 0 0 0 0 0 0 0 0 0 1 0 0 0 0 0 0 0 0 0
0 0 0 0 0 0 0 0 0 -1 0 0 0 0 0 0 0 0 0 1 0 0 0 0 0 0 0 0 0 0
-5 0 6 1 1 0 0 0 1 9 1 0 0 0 1 0 0 0 0 -8 4 0 0 0 0 0 0 0 0 0
-204 1 662 174 241 0 -56 0 316 757 414 0 0 65 154 0 -65 0 0 -1265 104 0 0 0 0 0 0 0 0 30
47977 56 -98496 -20836 -35447 0 4134 0 -42193 -118323 -52958 0 1 -5411 -31306 0 827 0 -136 179036 -15392 0 0 0 0 0 -57 0 0 -59
-971203285 -211462 2000009208 424147624 720981409 -13 -83865698 1 859006035 2404526956 1078612294 0 -4056 110834818 635238404 0 -17913282 0 544199 -3637049249 312796774 570 0 0 0 0 215531 0 0 2072548
34780008449813 7555502338 -71622952301219 -15189301993974 -25819311266535 -4746 3003339098253 -1063 -30762173338327 -86109298632000 -38626582197154 0 144497938 -3969157769011 -22748712857373 0 641518918016 1 -19446542611 130247531501289 -11201667688633 -20562747 1755 0 -2239 0 -7699995012 -142 -34 -74236824542
-358112664303121561 -77795316775336 737466362698102513 156396782947145505 265848767175886659 -28350457 -30923908129690132 107456806 316742990810553528 886625156503294665 397718946427555095 1361 -1487805062998 40868468670703575 234232322935383245 -2436 -6605405659560993 451 200231496594075 -1341094862759839511 115338070603786514 211898428942 -230397675 0 351562029 -11 79283029015326 1761092 9035 764380527947335
-679073081385622045494636930 -147519791242435600300491 1398424588837548766308548898 296568247652929084156063945 504117166199617927506321484 -53754668472571683 -58639628461521618822080467 203759027153339380 600625613717276751115398144 1681267760335384177948822695 754176708610781553072104935 2199541099906 -2821258419329036345947 77497055307209550474672358 444164312383007739290963089 -4105757899755 -12525536296679729859701011 586442879569 379690061079801228128082 -2543058404976723056585292160 218710441749927152657174709 401813532317331578116 -436877994729901820 0 666628651718695515 -66564810 150340873648911369574226 3339420120155101 16864772791684 1449460720593549862287196
-193481259845669258741545283882105 -42031286240233660908850165570 398438634462384537041974655031449 84498119214251149084155372408166 143632882969105214948231168996604 -15315760958390787276806 -16707582000551064575878560960469 58054949270255985115071 171130035371856360254470425624208 479026209879866798895850595261960 214879758494523275274534672069932 626691074365960686 -803831941340059695704876993 22080433323278369105197036635186 126551137269346160407685742252007 -1169812162562734755 -3568771328675382733415270235989 167088077443604592 108181156612335240024607512791 -724567292598372689622604414675677 62314900960046693806878580974566 114484568136885463492255533 -124475122280108101626504 6413 189935597443276836562297 -17975919361539 42835068032054418048430914341 951466388702497861326 4805105586337698158 412979830896871535884558602964
74741578637288251670049676312970552624983183092970 16236635466693817352876829181971025586666419537 -153916366647385331541415213458650421808262340349213 -32641522114299338023871834920085783451555019824910 -55485210432777166832290358490165552757717123844044 5916460090111910462197253744911924478858 6454118889494507690988394568558491650625105775639 -22426557278093625818248023254708832137277 -66107327428764496622651208937762747340154799675132 -185047250382888193394983698016866442533254460164617 -83007793002229641187300615898139176328076759829613 -242090010440143097204761810565339200 310519314908094069932998093290969769894283963 -8529644911830719992273633066988493943277967200508 -48886552555011239681480897396052770586647217377569 451897035448190030945663880459330649 1378612084257943228106624474562522331750044001669 -64545923928580485005117391299873184 -41790251058232568305379225561763877752904136342 279899476160871661708097381218750936347064621469352 -24072171506921317377162055805240962386570116751002 -44225251370516843048170853650741656204982667 48084590454422826626182240666582448764645 -2477420492175315696681 -73371893503538997998999951458480045803317 6944076090933631637911013881966 -16547135408902748909568745145046747335037427127 -367550324866959870752548292496685472975 -1856206525263489954588240462549803226 -159533613390844514206721268841666684038978319828
149483159274063065844019254198359901202830957648921 32473271367750074298810823846938138932523354677 -307832737412340996382380034330934896221704921754552 -65283045101824610489741107487969962530859664852023 -110970422349894572401414124130311081488703199901545 11832920338500949444498023602962760865183 12908237951649591029876993618657748946631866106285 -44853115156142467171660154884220345446462 -132214656626032084654680715901871674326646222979903 -370094505716160059637521319446241115301593349162838 -166015588225083595068230694890939796963883223210415 -484180027356677670438723881809703675 621038638123200232421708716506698234162461636 -17059290051846483638774231212196588632083771820318 -97773106417835435726189953845125733270044621741573 903794082985528652114311205016219233 2757224205396514182265387266758359631524514665606 -129091849583893398099599084452015927 -83580503234437849497959780838524540531009037826 559798959809613550930222205696420754604755655928498 -48144343657821318854074596951660908221330325448135 -88450503924147522476969724995616352743638626 96169182195204521101546144077568689198349 -4954841050626582044245 -146743788969922744538055950403675558431612 13888152367635172998558122192559 -33094271260474431246341044965303234989465606028 -735100659566625298633805978898716454838 -3712413100184213167624271750197865868 -319067231049531935380738279841112962156377490916
1 0 0 0 0 0 0 0 0 0 0 0 0 0 0 0 0 0 0 0 0 0 0 0 0 0 0 0 0 0
0 0 1 0 0 0 0 0 0 0 0 0 0 0 0 0 0 0 0 0 0 0 0 0 0 0 0 0 0 0
-2 0 2 1 1 0 0 0 0 0 0 0 0 0 0 0 0 0 0 0 0 0 0 0 0 0 0 0 0 0
6 0 -8 -1 -1 0 1 0 0 -3 0 0 0 0 0 0 0 0 0 0 0 0 0 0 0 0 0 0 0 0
5 0 -2 0 2 0 -1 0 1 -6 2 0 0 0 0 0 0 0 0 0 -11 0 0 0 0 0 0 0 0 0
20 0 -16 -2 1 0 -1 0 2 -29 4 0 0 1 0 0 0 0 0 12 -22 0 0 0 0 0 0 0 0 0
72 0 -147 -31 -53 0 6 0 -63 -177 -79 0 0 -8 -47 0 1 0 0 267 -23 0 0 0 0 0 0 0 0 0
56818 -1 -117095 -24848 -42229 0 4909 0 -50325 -140806 -63197 0 0 -6503 -37185 0 1065 0 0 212963 -18317 0 0 0 0 0 1 0 0 -134
-1684735 -366 3469398 735766 1250681 0 -145481 0 1490112 4171113 1871062 0 -7 192265 1101942 0 -31075 0 942 -6309158 542606 1 0 0 0 0 373 0 0 3596
-202631490307 -44019055 417281830628 88494254379 150425654442 -17 -17497726882 62 179223218488 501680601455 225041979461 0 -841847 23124674276 132536068689 0 -3737547784 0 113297324 -758833958665 65261934208 119901 -133 0 203 0 44860849 1 0 432510723
4630496397712458 1005915093182 -9535645276752828 -2022253922406562 -3437498534545457 366545 399854736989759 -1389402 -4095575007945781 -11464309985514209 -5142616646407394 -15 19237733472 -528440671954097 -3028689112938080 28 85409733195206 -4 -2589048967292 17340729747952032 -1491353346827835 -2739905564 2979005 0 -4545640 0 -1025151626449 -22771 -115 -9883652922362
-1175434018260461288932792 -255347746429920372008 2420587531370753087541571 513341518877244737806196 872596017399195708602540 -93046047252317 -101501614481881675741283 352694428158447 1039646244202903013734963 2910171781909523853009756 1305433808791216010729478 3807262824 -4883425968846370577 134142668322583912726203 768821290054610650557954 -7106822707 -21680938125292680935892 1015090611 657220299879847686981 -4401878739668915793685735 378574413312152463865271 695514677035347755 -756209119538895 0 1153893471086210 -109207 260230867731270600304 5780332221345 29191894719 2508927957564676928237
7199812787396745935411218811540689176389 1564065648448591964706227874618274688 -14826674054548670844275183756514079129082 -3144338835270187119769046663427335532515 -5344858041117263338314447446879076311127 569929158435764893058365583652 621721517784192658891654205288077584767 -2160337215403005280044369613442 -6368080391665525827602880472217823572267 -17825493973640052336450403028783564948791 -7996092408100071738672512069409222621330 -23320389863940837625930286 29912144952924517191871016926343831 -821655732028040167819757669198535161804 -4709213166681960603957153685763663266699 43530978522620675627257967 132800900035420263634228359978915715725 -6217671300877304467275311 -4025630571943452546435979988492531416 26962553700241326592486838758653888391762 -2318858276689830645997104561598842782155 -4260192735405076007053759488258955 4631960624093257513691491363621 -238911469744 -7067871815310356918878005402735 668918809954350220938 -1593975927240676696435114304342350859 -35405908963083386155147784854 -178807294685289728536869598 -15367780165376028335212314119624316915
25010993863333566426182254618104196444644457300235 5433312988870487424352338063686929336257143682 -51505485592778264324222454579118881572793028917345 -10922928364310875578890822182864176278757647747367 -18567178843980472998757444552202289248549689563873 1979842407725411489165781742764875563201 2159760750060458075584337262313606009303000640541 -7504664695137474396223445824577746371100 -22121689035576945541408662046034722398855703432859 -61922904601912832815997872076365329949976257498763 -27777141441749900010203437957228186307740129436153 -81011290848919916060432475918923980 103909989877284477861949590627832293796413263 -2854300115622399443651707262254081807369327205749 -16359050587980484570418163793959789940069272876202 151219631515979197155261938145297566 461329008671630645959791009906753565554249536480 -21599191998809690739117023198572469 -13984394386917193489069865363048467665007775991 93663583352750991150313336118232125594377110297102 -8055341415231395730578843589993085851257011938140 -14799225689361395260065305557172910220978931 16090687656100475941540254117375553535326 -829026582241653842710 -24552652106315725811079958783422035287296 2323716566647617894970641653452 -5537216496004582583279634715142441451684552881 -122994444154375196452179874134122460834 -621147838444013717484434342167988363 -53385201359972359464178080230496139113152578400
-3744889058077471412298792954272408909767031776940086310186 -813528421633835047136717510920347701654038723656542115 7711901833302598378412027624900238574525167423475848752571 1635486983731555154329391700058134694456177616949594920111 2780058452380207755026004392930483599477942642610610907757 -296441245394813861219193690473827165737093562199 -323380368055817517337988419388280144964504972975358926810 1123671328493732940774997648596568095517664142838 3312274260999030459812765192886782607548287740477380678463 9271699043836822712704741224800546319703912038870368331626 4159063554942433010009396253255464753394631133134846694705 12129797733692150744696092573227471047317496 -15558413481795099394687999268028680911553953117380765 427373551401883678481173555809599135915101371330915480488 2449436031299660797293618786700193605716193933106611578536 -22642072783077273217737286966221992452298841 -69074662374006578382272395945251528388955018539060833036 3234040927027599115435763372168383409352326 2093879427965527511070476989956862034279369982028837669 -14024221922354816638505040320336658107452969183708076187712 1206123998503018808796636989386021925962064811719393612407 2215883889098748389165262946473146398759113813465368 -2409254125187390651567551085380551711538559018051 124129916374236301893968683574 3676261676051184333882124012676068678249921476439 -347929426238009069938373091038865617884 829085864456320537993888613465339660865042404608892928 18415923438903662392520422552055284984869389009 93004290687048448844596295184900570817846337 7993351145046287579842856790963524607983668662760330661
