0 0 0 0 0 0 1 0 0 0 0 0 0 0 0 0 0 0 0 0 0 0 0 0 0 0 0 0 0 0 0 0 0 0 0 0 0 0 0 0
0 0 0 0 0 0 0 0 0 1 0 0 0 0 0 0 0 0 0 0 0 0 0 0 0 0 0 0 0 0 0 0 0 0 0 0 0 0 0 0
0 0 4 0 0 0 0 0 0 -2 0 0 0 0 0 0 0 0 0 0 0 0 0 0 0 0 0 1 0 0 0 0 0 0 0 0 0 0 0 0
0 0 0 0 0 0 0 0 0 0 0 0 0 1 0 0 0 0 0 0 0 0 0 0 0 0 0 0 0 0 0 0 0 0 0 0 0 0 0 0
-1 0 -11 0 22 0 69 4 0 -2 0 0 0 30 0 0 0 0 0 0 0 0 0 0 0 0 0 -3 0 0 0 0 0 0 1 0 0 0 0 0
-2 0 -13 0 -3 0 -4 7 -43 -7 0 0 0 -20 0 0 0 0 0 0 0 0 0 0 0 0 0 -4 1 0 0 0 0 0 2 0 0 0 0 0
5 0 23 0 5 0 4 -13 81 14 0 0 0 36 0 0 0 0 0 0 0 1 0 1 0 0 0 6 2 0 0 0 0 0 -3 0 0 0 0 0
-26 0 5 0 -26 0 15 -10 -14 -1 0 0 0 -12 0 0 0 0 1 0 0 -10 0 -109 0 0 -13 1 -4 0 0 0 0 0 6 0 0 0 0 0
-49 0 -114 0 -49 0 -286 351 -345 -154 0 0 0 -114 0 0 1 0 -122 0 0 -10 -74 567 0 0 114 -88 -29 0 0 42 0 -32 -13 0 0 0 0 0
125 0 75 0 188 1 571 -547 219 216 0 63 0 89 0 0 -92 0 312 0 0 42 81 -608 0 0 -96 144 77 0 0 -16 0 39 -24 0 0 0 0 0
84806 0 180064 0 84636 -1223 505843 -612492 545829 261970 0 179 0 176250 0 0 -1497 0 220449 0 -179 18875 117419 -991568 0 0 -197444 146757 50394 0 350 -74164 0 50984 25169 0 0 0 0 1
-758369554 0 -1615459177 0 -760708918 19323 -4515650793 5465350887 -4874709442 -2334888276 0 -2351812 0 -1578724779 0 0 17693391 0 -1961986532 10840 17871 -161495214 -1050545998 8831348186 0 0 1762364779 -1318563736 -451130972 -813 -23640 657335977 0 -455295250 -221887658 0 0 0 22 1230
-766821029253531 0 -1633435861427364 90 -769182851685699 26464003706 -4565926246945859 5526215610567967 -4929024957961510 -2360895284103155 9867 -2378351690529 -6999 -1596312821194527 0 457 17870093436085 0 -1983836275696840 -9148144592 6203724446 -163309672498101 -1062254814928956 8929756013440684 0 0 1782030482992763 -1333247185175382 -456134512861578 687985763 -7158533872 664660193963575 0 -460384637179877 -224388990345251 0 0 0 -18593448 -1116214600
-392728324973400510 1 -836566168038311828 322550 -393937935341243571 13553568413961 -2338444694236409965 2830258062433889171 -2524406141294368047 -1209135398100494198 -52575221 -1218075655160981 31932038 -817553557509407679 0 87 9152190427868093 0 -1016024167354625684 -4685001812020 3177318405272 -83639247737508937 -544035098532652585 4573385428683558292 0 0 912669084096831660 -682824171379092144 -233609847040600572 352326810650 -3666388543965 340406528661255743 0 -235786553188221801 -114921094627469932 0 0 7 -9524377339 -571655329438
103193406974649338204984 -279420 219816365538307942280750 -84753276610 103511244540804106246697 -3561339512232717735 614450396559482575553309 -743679417826061602366398 663313679565989206423282 317712762969388418188994 13814680310531 320061907471158638005 -8390471632410 214820606558884714579603 0 -22848145 -2404832173988086449633 0 266970800756493446029212 1231032415849535400 -834873092755665022 21977072652997100418420 142950818062781415530472 -1201704063046734082833778 13951 -234 -239813189524243559379418 179419074532051687877435 61383390211487911172467 -92577493517729768 963381302253395317 -89445316813723069446521 -1275 61955342141288014809003 30196699687163916218463 0 -2706 -1847524 2502628113198825 150208317833710103
98441491797999137987738596091 -266617654947 209694122711940370915582972225 -80850504258777827 98744693379175801408190800587 -3397344701192705480798278 586155796639673492671012367886 -709433998319772875765120075728 632768992330460293827466066638 303082525007184197429518547398 13178533186686273385 305323494619323643059267782 -8004101895305226962 204928411597096705130542144434 0 -21796011657313 -2294092943257212375923003673 43067 254677160716593514530898953630 1174345057700184302867843 -796428329312423348264082 20965058531748286252741260775 136368128511364936774829928710 -1146367235409704810890440159613 13373039912 -224043221 -228770120317883380863462639179 171157071675039349138808104061 58556769092060509532737846736 -88314426628474084647612 919018911619237576203776 -85326482375474207656107917446 -1223161137 59102383418178246542163598135 28806182989101673879793601813 0 -2594983623 -1762406518135 2387385513295663467692 143291430349333623148602
-1770655654931518181388227454880733143105260 4796040560473612690945085 -3771743777996542487929703108504890180353305 1454248609903233465077102967912 -1776109306481174490512281386609303114280203 61107643708430276532332914747103423577 -10543116088901267267060602189418385693802169 12760506753627996356908154771231208444038535 -11381542214276164312658730551013318392225187 -5451510100193358627788339009326531978921901 -237040742520268453366340356504631 -5491818159770581038321639356568223127743 143968849156063934092898497653347 -3686023486875970083389133316574595411063964 -97719724 392042280038588077563969636 41263582750779039805493367019792187416969 -1977739858177697833 -4580848446812191130937023083705138094103950 -21122807865656253861660693269617815668 14325263659539203891462148095640251683 -377096067594994450817685952926115127881985 -2452837655046427377627231129930689840774065 20619574032579437958057962917070847428422601 -240945932062089727295391 4026974642458445799623 4114861526595204261094887658119219792500627 -3078582326493018635787893904050405560372013 -1053253789978460060925468384429304797721201 1588501312461020531371931458542896577 -16530286194633699595322709921347652255 1534757506962310829160060400091534232338825 22050906204571560295176 -1063067691355883689451336060935292494068741 -518133460546375994538467833830044156073955 55458034 46761732253983605947124 31699932431784307558580213 -42941625349327096528622463253029444 -2577366279372355060663236619419038267
-1050985123936938305907606403500833388602818039716 2846724545445122481282029529101 -2238745060868080224837116790347202957031910030167 863179495831859617232782661362018852 -1054222177191116115533828466743352514812312277560 36270871932398825314496050499693098108893152 -6257940745573131667925271148623761091801862713045 7574088578210055973778767155920969184832120410987 -6755594472222305235418052568218935378903186340659 -3235782181779878723829254212406656971712136068849 -140697200758325398345763528689235172337 -3259707314186305327860873442851759954099309117 85453723513049811009253933509762185052 -2187865178867110607957511819264571388535168276141 -49788247441837 232699453986758944615505457222632 24492289910025953278288793195228984071681549425 -1176541962143508529852474 -2718994830643931017644160962191578231893157218900 -12537591248051824241063254759369604185056340 8502861050774109984918900591603592912503103 -223828024513769989901739320624067730005537117451 -1455899050561505828229095598128367092213614198917 12238893265215656536470501742238487308483357494176 -143016045938275504190124400338 2390232849099438730136031660 2442405015039053568292952234614645794086271485783 -1827314203610340520441086415486689872825067119427 -625166198698512249337941827546308235432694945821 942866132159052696799886797329018955343258 -9811667693034352228923925810395335268276168 910966118214732902524922749480066139889550105556 13088580395787303904214934870 -630991308920666299907361458348938702680688844321 -307541761568128687174869222052878332999131519957 28060329218974 27755944130228500933414490580 18815717375348682276648390733723 -25488303902636334434407593686577137676881 -1529813891827434157519834626212234329392255
24968729997808021075865161790794752398254355459829565430462065889374 -67630925437929370327321072736869888977835815886541 53186881227536226855350644239603924838894153993663410869247043995756 -20506946559181707036858217123882545971484500408509680239 25045634139314158372519398682329818235255012961350737686814427528148 -861703545976622234449165681963626402830680477060146037140625739 148672734998552177587675343348164426094415266989670741247864037406934 -179941055664414823980109891240493939341532774180867420036816038809328 160495720167514236582066856408868634774676138921638805902187216553987 76873944063006305773992817266662050331944838313477321305395989797843 3342607176039160851050466376420711231138668388665955318601 77442344278777311335266005329936641156763438878249985199428153538 -2030162845418832926342336988680901222219537263249707569081 51978104807139652372617191706736128616665075953097452772590450682243 1182841963340555237206837489782351 -5528346410335454238606534701386739103860486675377838 -581874433674828802475245423178703320503239805571470488177737401758 27951640717623714092537237908362864029710925 64596392703896747363233357184144667323258911487584517248673475814249 297861238532878153291309727413426787073641197756759058099957642 -202006324304924997219700210452561704252026365420757670851160709 5317583838952999008344713631565482329566738133737274692857382574799 34588453698909342384059724226567615287566191850249681492842158625026 -290764935155729999783863624658739983789201785157825042219255772695979 3397697032104875065775200391453156408841347233449 -56785845281513518720143897156621280809618330400 -58025323077228962622866740755119147030863084076799695373119154672556 43412331851277315160085548214416500812212100439628716872112974144690 14852356768463420613427301579543472406414334470426492280769707327826 -22400098100122632455285448360804381113889125545666871543580034 233100236983268993037295422559427233185010533761542358558399159 -21642235008665760465250567901893952149425784022700880724104000111528 -310951337477375706747026090933179693251911345755 14990746552516313718376631850669937295849996039962562913097660410677 7306409037342008341596559505434864983354783845898101422476156694653 -666641960919143269513839123018196 -659410546388954768592697075832776357427656249849 -447013526795014539115528463854391530700467832044972 605537189587461086392347017050736115653536847559476384877186 36344482088242226037969117070004677034063168681774120699425844
3390072443174683283923867893558394446315918620885942398434690975339672 -9182434855663614495136780389543017255963351593993822 7221327652776269859947750673792954850694832934594153264821600432660002 -2784283959578275954834852543711905760793407709714025827120 3400513927820031683583240384582807845879621114082989255606401859339711 -116995836218250114107092172455197739500828816285013167365413984505 20185701956577313182320258044010914267424236920307942579287026779723735 -24431086973876800011546311823170930532092232984114341446831710369843802 21790940838205650017283651505789989613269477978580847324802287898207988 10437384656289216677276930395333070886066002451624045233644537797376971 453834875736295084732781072935915389336157348625985664157049 10514557900917557489712257396819017609015801402184016856617528428438 -275640736153408222758365102471286727168138952110279026439251 7057208787575456345855148526697678095206314430788434891790839618662206 160597673365985453314509022865529863 -750598641726960078024129255747486500443765773790875671 -79002675873465902486212666172192013797161143400014366455850632287285 3795070351862281189589025815460746880635094996 8770428085577245037284970355413788780759103181169668252852946837467977 40441431211312634688556393870594347089569849118969893980397006811 -27426948564594746451511686278475110660283784224335716230412884363 721982833659868806819334421021986251141733932230596668070480624217568 4696168517461236829581941610341219718606946251365056802956765124967420 -39477946783815147460716863613238033925585281345092380209972883684795094 461314575463242862115951322286952944857485573915209 -7709968799700272468562561542057262182128483678251 -7878256074205251618673695929755407163664990953474971962380187799769927 5894210475097844155535153981545671598534354484811684093835191479819122 2016544910429447395708746555942037886533755725909409971545291455385374 -3041322297942339409422016529434775305238280995805702593399957506 31648653734644956399278074328080040224099025930645304471928586573 -2938425162914940546071332901592386526942789632655229498057481076769159 -42218709579658438445791600464323084397078611888817 2035334468143267620684378671069259870416757220377179738174312873665987 992011044944219240325129138084042467387074090530113012246674964204055 -90511793806666246178568846025116779 -89529964970112797750218634030773252038379146475211 -60692243419955392528728742976418776800260677655333838 82215432659895400677480318568730502528264131967375341470340896 4934589272246620231305676507168231468297048896366230118661707378
1 0 0 0 0 0 0 0 0 0 0 0 0 0 0 0 0 0 0 0 0 0 0 0 0 0 0 0 0 0 0 0 0 0 0 0 0 0 0 0
0 0 1 0 0 0 0 0 0 0 0 0 0 0 0 0 0 0 0 0 0 0 0 0 0 0 0 0 0 0 0 0 0 0 0 0 0 0 0 0
0 0 0 0 1 0 3 0 0 0 0 0 0 0 0 0 0 0 0 0 0 0 0 0 0 0 0 0 0 0 0 0 0 0 0 0 0 0 0 0
0 0 -8 0 6 0 19 1 0 2 0 0 0 0 0 0 0 0 0 0 0 0 0 0 0 0 0 -2 0 0 0 0 0 0 0 0 0 0 0 0
0 0 0 0 1 0 3 0 1 0 0 0 0 2 0 0 0 0 0 0 0 0 0 0 0 0 0 0 0 0 0 0 0 0 0 0 0 0 0 0
10 0 56 0 12 0 13 -31 190 32 0 0 0 86 0 0 0 0 0 0 0 1 0 0 0 0 0 16 0 0 0 0 0 0 -8 0 0 0 0 0
-39 0 -193 0 -40 0 -36 109 -674 -116 0 0 0 -300 0 0 0 0 0 0 0 -7 0 0 0 0 1 -51 -14 0 0 0 0 0 25 0 0 0 0 0
-94 0 16 0 -94 0 46 -27 -56 -7 0 0 0 -45 0 0 0 0 0 0 0 -36 0 -376 0 0 -44 2 -15 0 0 1 0 0 21 0 0 0 0 0
-21 0 1 0 -21 0 -204 216 16 -65 0 0 0 22 0 0 0 0 -101 0 0 -6 1 376 0 0 68 -30 -16 0 0 28 0 0 -19 0 0 0 0 0
-264 0 -565 0 -264 0 -1574 1907 -1705 -815 0 0 0 -552 0 0 5 0 -683 0 0 -56 -367 3085 0 0 616 -460 -157 0 0 230 0 -159 -78 0 0 0 0 0
-188666 0 -401894 0 -189252 -7 -1123381 1359642 -1212714 -580859 0 -586 0 -392755 0 0 4404 0 -488087 0 1 -40170 -261354 2197006 0 0 438438 -328036 -112229 0 0 163524 0 -113269 -55201 0 0 0 0 0
40668036 0 86628586 0 40793293 -1406 242151993 -293080544 261408796 125209100 0 126135 0 84659788 0 0 -947726 0 105211931 492 -325 8661066 56336245 -473585912 0 0 -94509258 70708209 24190897 -37 374 -35249978 0 24416314 11900387 0 0 0 1 60
-1217063122902 0 -2592514387792 1 -1220811699407 42002441 -7246828459582 8770955637890 -7823122057735 -3747104575977 -163 -3774810388 99 -2533594402465 0 0 28362592549 0 -3148653833788 -14518797 9846494 -259197612129 -1685962060499 14172898663332 0 0 2828356945586 -2116068705938 -723955752362 1091859 -11362120 1054918136747 0 -730701353871 -356139899825 0 0 0 -29516 -1771557
3734910588470537770523 -7428 7955881051294520821291 -3067537766 3746414180861248748966 -128896651862888248 22238991418935372808042 -26916216970610404680760 24007515188416764448558 11499075350793564936216 499998820024 11584098657327892993 -303678763159 7775068016269150685514 0 -832953 -87038827512780586377 0 9662555969325034107523 44555133312679855 -30216817581409350 795422922468580513050 5173862746331929358678 -43493643255560953044175 -592 0 -8679632227173423745960 6493769523550722502036 2221667844665945476734 -3350685580963505 34867954571777123 -3237321750010098607874 -18 2242368676059479554447 1092918401523071557724 0 1 -57847 90578385888101 5436535658641232
-118838928403936326017089683 307541420 -253143510734535874291598450 97603011279923 -119204954460015924952672701 4101286930281409184324 -707609418326899511167307961 856431313603430921381792943 -763881038394817637243859366 -365882331037013846038698911 -15909173430978083 -368587637736742710066687 9662581113549891 -247390326872461759430686528 0 26313939400 2769437379059108391819220 0 -307447198490466203437813691 -1417673642328621480903 961451187678513112574 -25309095223294950342712634 -164624102751257532643537985 1383898713085545908270784841 -1716234 4626 276172124709404539985651952 -206621441986628044091705155 -70689945495509559835404767 106613498347499021398 -1109442986336546318809 103006441133441009149375068 7244 -71348613102566136546392680 -34774929303764595522555819 0 94275 2136811291 -2882060510316988467 -172981938013780884144
-52923963511205777287049566297375766 143330492746470328 -112735431942596860211789049664742762 43466723821868980925846 -53086970279242786914809601334457658 1826475236375537814884188742117 -315128178440204843502268995163265889 381404815743026141314966800640436559 -340188293060796532580919348570777168 -162942761242169178083427382000685732 -7085022755817842978642003 -164147547880571173457656553157428 4303152958310680779466920 -110173297658158268935295090653327026 0 11717939146250412467 1233346722024453616734592810206590 4037191 -136919143693598930850816745800005366 -631349584896809050163570726127 428174574256888627695049736232 -11271202543550765151477955398199977 -73314023646008881095436474366224519 616308191080239283146373062014442700 -7181766408509208 120504912750750 122991040454792290794713149747314979 -92017201797410470822765070455969024 -31481200194746563125249257921404892 47479466300544418291069352961 -494081534689147950957787481209 45873092303858458463002184965673455 656630646414583 -31774532530118924480910648726943564 -15486735822133491669165422592603501 0 1393454520276798 947507451087687195 -1283502530133430960156620305 -77036118538694853290572217037
-11592031793951052306290242315073405268 31398466626644489992 -24692646292575716709530715021153511799 9520595422024125996325044 -11627735462239504141725376100472260954 400056186389867728565725102979028 -69023096935573950810868626222565996165 83539789107500869742040797453617713506 -74512059329338136328850697278983242699 -35689648763994596096269397360535294958 -1551845394729187800056434823 -35953535368298642344714986378095860 942527403398541249168508892 -24131457369540962880789875280028105158 -550 2566600999028130815348 270142171261334648184663323402279939 -12976610084607 -29989648574991822023048576228082414554 -138285645587976683925156614941829 93783854209943797971600460604130 -2468751952284113327337067809775090456 -16058103676741267970901714116612959765 134991101797617895498599205583247093430 -1577421427359622964 26363509088401596 26938950840694318809231440514761513408 -20154694736726267191373471173698971067 -6895384422445459460480433195276175257 10399513687201536978289298325604 -108219575385884429155496310614089 10047666674862449829446852509450372673 144362869333469870 -6959633536310681676147010674346826360 -3392087858209658527683695633204725285 310 306139220167695244 207531380927825554944 -281127888952855888819065196404 -16873360877328341115326590346251
149290488723845940117883776351785616468609076696524369116 -404371944923143267226626653717907184625 318009586104423440816250037620113608780291970081105479246 -122613047372565330753638299694680140277125476 149750306138321844687377774122891677064823571004750577592 -5152210125433472960803086386427209492341953045836175 888928883038632837838613485676152855707331463336464036294 -1075885243021314007045128877555798440250869026095582595970 959619672446187037667617599075351268407893820670210154311 459636860997868964861081754957181915035885042855919605589 19985776567992415528069618802554235132886608569 463035381707998891005142755188161641405304485198065078 -12138543025943998588686000125810737314415676795 310782193178363206457502968234507384391747936227511206537 7072328260415933929205 -33054526101493914036942191962441117756519 -3479084382219374047178779352441625633320935140920540652 167125604855902990101312023399027 386228175698516726380723672307864006818189918873116966816 1780941596803971136105689005081184492184246378572618 -1207815651153962488927307035016737445557712825357270 31794355989151657385720383733878111871621653599063325237 206807761442636883478497007083265960201454464335597368005 -1738512102015884964596115514544105938864773647990071386789 20315164227536926370981235935889923728 -339528145621266788254127718696973808 -346939105085402872212069893151239193476496753117643140254 259566595469130327087285364163845446813176778928558513014 88803699701966462038491739725936500537557015083577856839 -133932386353770403831385939970087251823966748522373 1393729208651443667258101293397807251700096991362100 -129401048503615679529118371604107741447379708455994656491 -1859208583913011090495939146671709651 89631145811458520994756716839429580095807211554618466587 43685737163919485768249119546521467532759423586716553626 -3985917752251377450520 -3942680414610899888397330986066271609 -2672737775900348473262195090517409699992 3620566323634098555138324470812947229731547717923 217307227634127953472690763331663645417223492079028
8403558794511567987578332929013735018709282776065830059187 -22762089152902910852166884956983547546516 17900753603869414045680813549444236442430659336728008789832 -6901886124008668519255254356146403479732216103 8429441908099844100166090596087478964742811275007728266229 -290017810785304658045911959296720580781078981660874998 50037790060241458909126252540427708824089325933783781125850 -60561560037500443709628309849295955246144506762855709619961 54016973262700423908939275289017547977149163673735194763869 25872950236402890393279770411770311998474652639510869890979 1124998986062460571749500073622807737926735529267 26064252903076927800975778618826898046606743357133994226 -683278357986481256062760934693726278774853716231 17493923792376654575929368414363256120941973394532410989286 398101224388284152086188 -1860638650814816961560098870774012049216688 -195837594256448667261292716613465864282992471223352171876 9407497145198631784950416823665806 21740776725456589917435537366774609789456655298016616672203 100249168893925329921587453968406646336995468868056114 -67987920222960336986434377190716509218197010388160400 1789703698959020063138376782038637476514616650142726272009 11641204991024495600872707655570193906399059811928392234629 -97860813432562628233479847779128694765681828397447251898897 1143540211205671744788173578131007670823 -19112032913213020037754487600296896567 -19529195681671838058868812696697708670047416035075485752523 14610998763296456909790491796648195955496240209719603192880 4998758581305551539192665059894077776699978124277051709354 -7539051501767725292977366891493212321720325572298759 78452990867995612871044760499007601992153135331500094 -7283982579647648417556174661259092016710257001290670212659 -104654816122106983321654477248660441487 5045335507202477103147471688127919948876981395819350695394 2459069321004490884275280746768657700440237551582987118857 -224367235096230832867182 -221933406175926948033744988586366197603 -150448358995177428245372348677052049679189 203801610070206058543824075919119413225232854231567 12232219744914093911112327900738273772389855219207530
49932590099105516906774714345683959291206443075455917402110322767319 -135248660152589167910973806170859579600263604414903 106363388895531442295542690255227108090945772658954962639609560731221 -41009893447274862358490254404113069425870911751437757678 50086383382748164027801696535555067263292420687012626965561822742652 -1723239025451983604576016848865800705678656973693102370581646286 297316472894190300085354907324948009784800557087894377043274402441603 -359847015658398781368919360798162126136545087064198385565523717486763 320960137279259652346974511978479205294674744187969848812272023116356 153732894646088898460779122267393900779829914567902933544554387686533 6684562410588943636231577647662021145875617657909544516356 154869584216957274679966446535457651232933971287463168505631102418 -4059929728249357551926156950509185338133199880121778041021 103946071814269203042124800473422447843489598597850625623703008538288 2365453225401939259376834342622343 -11055614573002924126837461070691405479961758910744360 -1163635378667038758630652564608465313930686192912080990302344299884 55897829752378248973597135653289351070667437 129180186539230742771635197742855460869121868899593582183122049932977 595664382264527756570989936937901120021406158446236921479004466 -403973249333478190683020041905061897956143504513278613834266338 10634130537331206425915947038111362043486249067732278658465622385880 69170161272165214608709571569848241175199425311711634036345236843877 -581473159571938113697131812288044386345678756479866306008997492549765 6794731378004968306184921527410654154063546430020 -113560615062198282978386526690316722314356331211 -116039328906107660556113508453850782035368611250409760825647270958204 86816196569327795830710180664227917801253517377690318873963556606430 29701816735991985279348416256017962378392645505543076169275720892932 -44795827289228053104533128779311682561327751627503208486521103 466155010139151207288779446536469995115641842792512145367043094 -43280248919792402151201784302510108542063458228400051355124579641543 -621842027063030161805234118110085317810504597984 29978569312579720283152018055211183569012896665285904307561613480649 14611393034007997293351605927871059130234614445133273421636837392675 -1333153900112730820046976230819102 -1318692481466114943336281968658602747567070608623 -893939868153906066246548733161221974332265124215957 1210956275312738388442622439450898104639968803390975848201387 72681875555376613744050005329017275060255803165357034551894508
