0 0 0 0 0 0 0 0 0 0 0 0 0 0 0 0 1 0 0 0 0 0 0 0 0 0 0 0 0 0
1 0 0 0 0 0 1 0 0 0 0 0 0 0 0 0 1 0 0 0 0 0 0 0 0 0 0 0 0 0
0 0 1 0 0 0 -1 0 0 0 0 0 0 0 0 0 0 0 0 0 1 0 0 0 0 0 0 0 0 0
-5 0 -1 0 2 0 -1 0 0 0 1 0 0 0 0 0 -2 0 0 0 -4 0 0 0 0 0 0 0 0 0
-1 0 0 0 1 0 -1 1 0 0 1 0 0 0 0 0 0 0 0 0 0 0 0 0 0 0 0 1 0 0
-4 0 0 0 2 0 -2 1 0 0 2 0 0 0 0 0 1 0 0 1 -2 0 0 0 0 0 0 2 0 0
-23 0 3 0 -32 0 -2 -25 0 -27 73 0 9 0 0 22 87 -27 0 70 24 0 0 0 0 0 1 -33 0 0
-1274 0 881 0 -75 0 -456 -300 0 254 1678 0 -31 0 0 6 1356 -397 0 1581 7 0 0 0 1 0 0 -1051 0 0
-606 0 182 0 3 0 -165 -123 0 -43 866 1 104 0 0 22 782 -246 0 700 -33 0 0 20 -114 0 0 -429 0 0
3161300 0 -851563 760 -100416 -802 809162 620367 -31 227736 -4411412 18350 -567479 0 0 -137321 -4084357 1355953 1 -3554210 126327 0 24 -80755 558114 0 -13942 2160108 0 -560
-19195978883 0 5170446173 2661602 645585951 -3240852 -4911865834 -3757960699 3466 -1353315943 26737319071 -119427521 3437229393 1567 873 841033329 24770772131 -8240471355 -3314 21553510629 -756570697 0 191802 485540777 -3368414141 1 82016710 -13091644671 0 -153995
25347034381610550069393 -449060219 -6827334266402624731302 -3503650349525379872 -852320985267847499291 4267172786947308871 6485850731897324373878 4962171852872145333483 -6531532695468893 1786997783665375482659 -35305055688080238542556 157661510390182152679 -4538620794252248738653 -4265963107371651 -2364982485806869 -1110487374101642054326 -32708220406149100564540 10880925588213560238882 8996063149691721 -28460139288748776368734 999062278141228234327 0 -252005499468364232 -641159513468619474078 4447834775842080206939 -52944307829 -108292392029899376738 17286778127235835334041 1978674 200710092891180420
1523314046212626085726577241 124106871926984 -410311295837748857329707814 -210562165537409791821792 -51223036402331841310507013 256448181709755612214836 389788705121680732921907112 298218169187326414807762672 -392659123857258697423 107395559597070115179956672 -2121774366924098693351289581 9475186288773629042161022 -272763458325864503126065139 -256756772647562659165 -142358904030507083730 -66738414080726234573048184 -1965708924479357462193532182 653925278102458592887390623 541260028766854479130 -1710406422886843512495489423 60041967191878832891317806 -10 -15144878418052722737176 -38532610854545849631672114 267307382420246861171530270 71147996799034337 -6508189505460123650978734 1038906246118690030103905463 55102907699 12061941308274635344210
-11903340928250776326033944196623887 -969775599688418731142 3206216901374364860295637335642268 1645355564949102261352963138715 400262353777113942933874916512973 -2003913864685316366202494908820 -3045851154973514208733573431765095 -2330309070320002443534601275032296 3068280910438765238858958681 -839200533364837023597176298472321 16579774686062069848659621529767211 -74040131800009581057960917386816 2131403202966641605703011448532697 2006325205141216712611955476 1112407879759466577315575278 521501195232375103841951269816388 15360262417298372976174118512315987 -5109842941584263534776213613311139 -4229464445722061898370845859 13365301021223880533808994965312192 -469174434033474899179829743593011 -299721956 118343720125003813732291186632 301097994203639071024564307644118 -2088768834959974971548834518562956 -555953755836506180195646 50855697616543190043909828370132 -8118125918148603181349224478903520 -430583823126124229 -94253315684763196326976667031
-48291430774121867693053960609028389080247 -3934345115468840042230245100 13007507931833445451300503475202079815829 6675149005854113321798335196842066964 1623850132952131745864840324593698279968 -8129807274870251227234043794497338134 -12356909802490013804355966432301434379262 -9453981015076564124404822001607388074316 12447906522642753038922980336237086 -3404606715616402538216430504812994632426 67263556200617331437151749148658295103737 -300378181292035833583010064154676198522 8647026985803621608684190626408587953633 8139589997334553444202554821018423 4512999202643712296076803115366049 2115711800576555315538101978271946312711 62316038301216235759174727931341717100898 -20730451069791706699364651838672412863713 -17158786824919697362551560637778598 54222550873083385641649032860378203209383 -1903423991523434774704847802307754033120 -1215928327388560 480116263359727633246765714589182912 1221543853188512933164413208297764899968 -8474060871197431436697140108594256674307 -2255484613558465724230682960884 206319756421516637840900708963885766413 -32934948108680979281255400196185824971465 -1746863255641498717238641 -382382349380550666494093756430304187
1 0 0 0 0 0 0 0 0 0 0 0 0 0 0 0 0 0 0 0 0 0 0 0 0 0 0 0 0 0
0 0 1 0 0 0 0 0 0 0 0 0 0 0 0 0 1 0 0 0 0 0 0 0 0 0 0 0 0 0
-2 0 2 0 1 0 -2 0 0 0 0 0 0 0 0 0 0 0 0 0 0 0 0 0 0 0 0 0 0 0
6 0 2 0 -2 0 0 1 0 0 0 0 0 0 0 0 2 0 0 0 6 0 0 0 0 0 0 0 0 0
-10 0 -3 0 2 0 0 -3 0 0 -2 0 0 0 0 0 -4 1 0 0 -12 0 0 0 0 0 0 0 0 0
20 0 4 0 -11 0 9 -5 0 1 -4 0 0 0 0 0 1 -2 0 0 15 0 0 0 0 0 0 -14 0 0
39 0 -27 0 2 0 14 9 0 -8 -51 0 1 0 0 0 -41 12 0 -48 0 0 0 0 0 0 0 32 0 0
-7562 0 5217 0 -442 0 -2704 -1779 0 1500 9962 0 -178 0 0 36 8054 -2359 0 9380 39 0 0 1 0 0 0 -6234 0 0
216 0 -525 0 429 0 308 151 0 27 -860 -120 71 0 0 105 -281 -267 0 -737 245 0 0 -127 240 0 67 541 0 1
-97629 0 26296 14 3286 -17 -24981 -19112 0 -6881 135980 -608 17481 0 0 4278 125980 -41911 0 109617 -3847 0 1 2469 -17130 0 417 -66581 0 -1
538689759 0 -145098496 -74455 -18113935 90681 137841064 105458950 -140 37978325 -750323464 3350692 -96457371 -92 -51 -23600691 -695133942 231247644 194 -604851340 21232683 0 -5355 -13626312 94527983 0 -2301489 367388627 0 4264
-359973904683011562 -29378 96960544460432228 49757884415119 12104501012133361 -60601195584113 -92110856941563804 -70471849897777069 92789206421 -25378613840158690 501395891168279101 -2239078548531893 64456654484032287 60674245664 33640867501 15770935458739509 464516111288286749 -154528894622335512 -127905205766 404185650478131886 -14188500022539962 0 3578881792791 9105630203975001 -63167330757648330 -16837729 1537948392288119 -245503636596033399 -13 -2850353753445
1158844367852657887279427805 94412064828473 -312139795093450796645254711 -160182846231932580385883 -38967360267502538085079352 195090127196217961517787 296527460444440367522737427 226866184693337009826603956 -298711099134862107543 81699988049632344543516208 -1614116459489877855517852548 7208143516067309456389792 -207501794014730876810314191 -195324882155540738514 -108297965587133089419 -50770512796887193279332739 -1495391394594025622572337415 497466446534583258688131587 411757596587042095118 -1301172830926948296613877748 45676264646823734667911281 17 -11521299302794967677397 -29313258929389912647058284 203351144416497170332390810 54124626388439713 -4951033420901047877747371 790336473975770734498433097 41919293025 9175988883380472142626
-24146042617856941496595343350314973359274 -1967199217513717294112239200 6503842106961756549876116240085341954161 3337619734850974430003590147118964619 811936069955629120904454220047440116767 -4064958726366294125344203229278030877 -6178538633728514729442712161062729156539 -4727054569291752877034434801349843315495 6224037610413849837927590101925219 -1702326427991622737743645547070754920137 33632233889393499135573928736335801356864 -150191126058715197976818572444724548321 4323572086600077877546931837643777731620 4069850153887805769796784922628267 2256530182157789013085100874028866 1057870236704605095397659030038777020161 31158441414485796931480824860251184754855 -10365366007892747878633095572330785171926 -8579509683263617514307844849936205 27111642857597547569872055366877578849589 -951724893680414384135492696560690206028 -607971871193594 240061385027808098470192089509573768 610780203979312767967715554105653865633 -4237087857249717725548032801031932090556 -1127757590319498046228510410050 103161276267867906496718290666823958577 -16467697227046564226826176751146231008268 -873443464857742827532391 -191193765776904187468302775817989561
-3572036492940885428419385025180982887021318 -291016938263871631572054634403 962143640598562896999751751013225150161821 493749625192432340926783350987665909037 120113482681905457470268360798668900978398 -601348268230946665815159812284996487854 -914019983398926507044166388383415482404551 -699295188568325782864406355318082991191764 920750858834029303792076411828240681 -251833073432364952451990507569025170905342 4975372929359107737485273265771395033651014 -22218472471379699335109715141731812369601 639606146548198288358346351405019386394682 602071879875551243149777251920194778 333819014803244415533181887325598907 156495668880760109013851337640407948456067 4609413292155537904263316592669173278644644 -1533396848040850365914737766617068207490086 -1269206808137295458138888805773390563 4010751542337575161275670314553818343848418 -140793094142581791211927826926111809936341 -89942706702479686 35513398258938819054341117375620535225 90355558975387092353120459401961370068940 -626812131885319589694985032873050334779514 -166834430451563399051677067317544 15261127851015371085343417710495305191142 -2436143113828917377143110494094766470706405 -129212557948853257197338145 -28284183846872899841276968453305963281
