0 0 1 0 0 0 0 0 0 0 0 0 0 0 0 0 0 0 0 0 0 0 0 0 0 0 0 0 0 0
-2 0 0 0 0 0 0 0 0 0 0 0 0 0 0 0 0 1 0 0 0 0 0 0 0 0 0 0 0 0
0 0 0 0 0 0 0 0 0 0 0 0 0 0 0 0 0 0 0 0 0 0 0 1 0 0 0 0 0 0
0 7 2 0 -1 0 0 0 0 0 0 0 0 0 0 0 0 0 0 0 1 0 0 1 0 0 0 0 0 0
0 1 -1 0 -1 0 1 0 0 0 1 0 0 0 0 0 0 0 0 0 0 0 0 0 0 0 0 0 0 0
0 -2 -12 0 -7 0 10 0 -1 0 7 0 0 0 1 0 0 0 0 0 -2 0 0 -2 0 0 0 0 0 0
-19 -71 205 0 169 0 -122 -37 -8 1 -95 0 0 0 78 -6 33 6 0 0 46 0 0 -28 0 0 0 0 0 0
-6941 99 -24247 957 -21527 0 11360 -198 3628 -486 34179 0 0 0 -1484 -7645 -437 131 0 0 22988 -473 0 -6708 0 1 0 0 0 0
-2471811864 1390512205 -12348339287 -75539 -11366246154 0 6674761873 418325528 1724881918 -1403344 15893098027 0 0 -742 -2268856497 -3083353400 -121130080 -304367804 1 0 8583644945 1479607 0 -1309215107 0 0 0 0 -447 0
-588199766147 330923076732 -2938545477567 -23369712 -2704836794156 0 1588398453715 99557659025 410476165047 -335841393 3782061027365 0 -17 4081430 -539936093768 -733739528664 -28832576193 -72431964316 313 0 2042618572723 355204504 0 -311528077578 0 1290 0 1 1588536 -1291
549153638429839 -308955838297856 2743478413811321 21859060790 2525283828585190 -129 -1482957091099478 -92948864376478 -383227891931054 313563807011 -3530999316334280 101 1706 -3841275417 504094058490403 685032233441747 26918659091860 67623781949104 -254937 0 -1907024809387905 -331644653396 0 290847964775567 0 -209206 1833 -1861 -1495117385 211067
-51798915635788598329457 29142258730629985313885 -258778594902032091976032 -2061859242521609886 -238197391166375626696768 14506027129 139879924114424729316918 8767401417652218624413 36147970003737198916110 -29576906770322917222 333061502152005413781031 -11164346969 -202727978568 362330882333575342 -47548670884496137952264 -64615663795917846229528 -2539102459605760242921 -6378613073326828934395 24082750301693 85146 179880110617289017414441 31282382656604755754 -119710 -27434233573993038646417 15820 19620326432398 -205329705601 208671261764 141027926275713943 -19828997691140
477635606039322311272075334630682 -268719532818600794764628970450972 2386186457552757022306485705582844 19012316701793354905968501072 2196408050058312358475495297911073 -133754642903998052407 -1289826852687368716064287556659484 -80843836943510427115012220263780 -333318899592895507784742834555180 272727403973964582393810339035 -3071145997481620468205931638450886 102943354526070284863 1869344878594662987617 -3341037711924414772684569878 438444279296637015310709599243842 595818297699514725221032770237897 23412956182654630174072137348390 58816920848123580386266215812720 -222066022957788625586929 129661185721461 -1658666877376634741646473944125813 -288453524849875050051651315571 -269476804972038 252969905228769450676338520053616 -184872946157018 -180918193566571201450218 1893336622832516580418 -1924148927579066450693 -1300412532011059036627516515 182842343024651531239953
9055332481952160482276989858918367012153 -5094563058740967027872334908639466057223 45238904855206591497511442220500990675485 360448104810547316004384751928586967 41640959986715948479172453502816662130094 -2535809196718045825861885368 -24453392602126254204668645735860175967541 -1532691058589013744301578759878453596174 -6319280682109802196521179223103065497420 5170546937241132651281529208879509723 -58224821927373545323143703266969718681364 1951668364418809684414496645 35440279545886555587153799068 -63341607982478467825646032241243617 8312317326514562203588092454612625270747 11295918303158655829566185578592420385277 443878345622878061980900624894542925060 1115090179856848339623767577000737397179 -4210074888474841991664821241787 2458213215559161548201 -31446106323594033145127589133132611689312 -5468693162903827949502792565194210816 -5108935682048471103714 4795971177211288175717849649342171444075 -3504944153261044363563 -3429967058704956479751371813419 35895130939199746084779051139 -36479291040513419981389804697 -24654082928834123126858131634481617 3466446359803070830130369954212
2939572555878647850026745848553097083882128997 -1653814233935186840888519608194061888062971478 14685605794752878297292319445149204469008352893 117009878856610823797549903754552425341162 13517628802846842121973663030486500691149558477 -823182929668647757412388805568113 -7938142739054873861777687203594512266458224306 -497547338151140451449265808620400639550247906 -2051386197364609780737729872445774648160871416 1678480376716081422886455568530855074306786 -18901137970334418582705288656149807002543055300 633557163544954166754652909678229 11504743015608898179228835663128418 -20562166308263144422143024430921110234992 2698372471411356118868494728817048016795269608 3666919078188730879408199134139305364059580123 144093284873018408339549751188225985009554818 361984333161704658542900391650377086802199670 -1366688702487764303416373588570208821 797993460687985589818614982 -10208141039803222440342903437032367830182954343 -1775265609543658508091051907422301263962939 -1658479923364781670243247130 1556884330797760598087228154248583889798581368 -1137786786220482469142304946 -1113447469039068231319121231704345559 11652398408213364151779570319500057 -11842030429509480502717646043092733 -8003291509439237513025461036852195949502 1125289502733510030092097869991573142
1 0 0 0 0 0 0 0 0 0 0 0 0 0 0 0 0 0 0 0 0 0 0 0 0 0 0 0 0 0
0 1 0 0 0 0 0 0 0 0 0 0 0 0 0 0 0 0 0 0 0 0 0 0 0 0 0 0 0 0
0 -8 -2 0 1 0 0 0 0 0 0 0 0 0 0 0 0 0 0 0 0 0 0 0 0 0 0 0 0 0
0 3 0 0 -1 0 1 0 0 0 0 0 0 0 0 0 0 0 0 0 0 0 0 0 0 0 0 0 0 0
-2 8 10 0 4 0 -9 0 1 0 0 0 0 0 0 0 0 1 0 0 5 0 0 -3 0 0 0 0 0 0
1 0 11 0 8 0 -8 0 0 0 -10 0 0 0 0 1 0 0 0 0 -2 0 0 2 0 0 0 0 0 0
-9 4 -41 0 -38 0 22 1 6 0 55 0 0 0 -7 -11 0 -1 0 0 31 0 0 -5 0 0 0 0 0 0
-1714 964 -8562 0 -7881 0 4628 290 1196 -1 11020 0 0 0 -1573 -2138 -84 -211 0 0 5952 1 0 -908 0 0 0 0 0 0
2744796 -1542683 13707899 -147 12617638 0 -7409686 -464026 -1914602 1477 -17644388 0 0 183 2518049 3423212 134161 337824 0 0 -9530386 -1510 0 1454517 0 0 0 0 73 0
2157925368 -1214056634 10780628920 85889 9923222918 0 -5827350427 -365246973 -1505912224 1232161 -13875229808 0 0 -15089 1980861562 2691866756 105778142 265730866 -1 0 -7493744746 -1303210 0 1142900947 0 -1 0 0 -5873 1
46140042767127 -25958556230237 230507826072186 1836607552 212175055802498 -13 -124598470870286 -7809589668318 -32198915005554 26345720351 -296675553239946 10 182 -322747432 42354124236701 57556600449895 2261713293553 5681769133383 -21453 0 -160228759521263 -27864878224 0 24437127589112 0 -17473 184 -187 -125621091 17660
-136950315822995313688 77048746831251516925 -684180544420092740965 -5451316325489848 -629766232517622050911 38350870 369826270485313805453 23179990900521344926 95571033632828097631 -78197905758192467 880575922262817258802 -29516487 -535988876 957960763475633 -125713162421807960195 -170836309126313973378 -6713091953409620901 -16864312006972733900 63671995121 -37 475582117056764357819 82706985888305780 77 -72532926726448881112 53 51873862489 -542867921 551702595 372861454856508 -52425565236
435342890308435255879953179 -244925496802160634964201049 2174899224661951889479453475 17328852371480541559178 2001924933398662356474605385 -121911206150643 -1175617862124214054480198695 -73685439681635049259847841 -303804848944305766594277711 248578487053930590049353 -2799208346692561559504928957 93828133686199 1703821892966985 -3045202233141118983327 399621798238556667107150489 543060978996201653208590210 21339832890059884169571668 53608918592548470958286269 -202402967976773603 118180714 -1511798583116024468201540282 -262912123049432677451578 -245616475 230570435517901650771461501 -168503202 -164898613714670536 1725689264553888 -1753773263392762 -1185266222033701626184 166652387461591106
49035715183124778080599196714210826361 -27587672084795221600825176715497074912 244974114213657488373494917195078943590 1951869866845214187431747136503958 225490809744437384182068481833422564669 -13731711980409583043750569 -132418063863348303845620977552068753556 -8299706538935446238532943008475527800 -34219665407951586690853076782152969641 27999133931399890973874002571902648 -315294417991744700483039233595150638767 10568519073186397545125336 191913378916349869245590526 -343002430276349307196754629725465 45012198695861716808431907801338827726 61168757055524785021522064327151255768 2403654661526878582457878706830764294 6038347523068747034384442448039746008 -22798062196206923827522083801 13311520403889470399 -170284450225906387982215425132866588338 -29613631624737796507057207045851441 -27665501569747036607 25970761111303699556594801388354250154 -18979694403751158171 -18573684413396343759168325095 194376453951706799422132803 -197539751202962157356123116 -133504826135199617018652490198293 18771224219062425369286453603
281843066614655029837043735234967878282826 -158565936524038585129908613360184238277412 1408040146520529734667839126110368821135053 11218781797103531952720255059910065013 1296055764139546960948860315888427567697605 -78925897174631740640232328809 -761100619314818555569273597405868389626863 -47704305610704983823014152053705068302209 -196684710339936136385596132256969431091356 160930899861657000875408632296466015746 -1812220854155254944714187448238021716329257 60744781921471959416071434580 1103062431865554836876036308547 -1971478471239567476615207030366115248 258717060985698642939683774259608105980215 351580271749945169572619725358377087225397 13815509743406086216073726598049436208372 34706669961497468432789373035899667329277 -131036648252289977820881329958700 76510757881802683765357 -978745623862677798928224930198861934131016 -170210564270207089558381806229018901118 -159013277826675708847939 149272401281208717518509362145285581891779 -109089777811806155900655 -106756150162279661637696013046655 1117219472681101058455207062925 -1135401187673489697699432539560 -767347013605914625629291207692296832 107891551662991363312630417335973
