0 0 0 0 0 0 0 0 0 0 0 0 0 0 1 0 0 0 0 0 0 0 0 0 0 0 0 0 0 0
0 0 0 0 0 0 0 0 0 1 0 0 0 0 0 0 0 0 0 0 0 0 0 0 0 0 0 0 0 0
0 1 1 0 0 0 0 0 0 0 0 0 0 0 2 0 0 0 0 0 0 0 0 0 0 0 0 0 0 0
0 0 1 0 1 0 0 0 0 -1 0 0 0 0 3 0 0 0 0 0 1 0 0 0 0 0 0 0 0 0
-3 -2 6 0 3 0 0 5 0 -6 0 0 0 0 9 0 0 0 0 0 9 0 0 0 0 0 0 0 1 0
-1 -18 17 0 13 0 0 10 -10 -17 0 0 0 0 30 0 0 0 0 0 28 0 0 1 0 0 0 0 -5 0
9 -25 33 0 6 0 -4 -1 -38 -30 0 -2 0 0 16 1 0 0 0 0 19 0 0 11 0 22 0 0 -21 0
128016 -313445 39132 0 22464 0 1586 -76724 -104395 -161947 225 122421 0 0 52234 -225 1 0 0 0 -107883 0 0 89131 0 519 0 0 -37356 -165
-12082128259 29789444276 -3782246671 0 -2130208702 0 -124297302 7284228063 9964569896 15393639546 560838 -11611950305 1 -13 -4972214597 -560234 2576 0 -227 -604 10138910855 0 0 -8448324589 0 -95530869 0 0 3590050806 13563
2364877122171 -5830993949722 740380208629 0 416944119519 0 24297065971 -1425808466316 -1950525189563 -3013143365720 -126301925 2272902106432 51 -451976 973250764165 151721523 10392567 5 6815147 -25420191 -1984453958855 0 -726 1653656069677 -51 18740731677 1369 1 -702762606728 15173308
-651187984217559983 1605611174678458508 -203869652246979360 0 -114808926216057169 0 -6690397393486809 392607852467212348 537092823646235382 829693309785404889 34776292857575 -625861914452784496 -9289839 124009488464 -267992443041603500 -41772725245998 -2859932205628 4130968 -1875537654736 6996739658905 546435406658390917 1 360850798 -455347528308455296 9290396 -5160406288432837 -677438477 25686 193511342230395648 -4175569957378
86882978346052807314257 -214224286859239080997105 27200751854581853034533 -131 15318067392826180394433 -4 892647844724357716596 -52382630663482984509215 -71660143681865350343768 -110699564315560963094182 -4640001862470817793 83503916924559495889814 1410113457304 -16561316747958611 35756159890826655582906 5573590914845947834 381640661104480609 -359248963187 250276462259177536 -933624970560739725 -72906651490518037760541 27509 -42481783148888 60753500527765595464038 -1415677795939 688513304194004941757 79824700001878 2075231365 -25818722630540658380828 557203810775609266
-261941776439397009276221248534 645860573895925440392501208554 -82007009852915859054401072170 -85312915 -46182139020533461795456889039 -1811853 -2691226367161486848132876691 157927359210796296411349188931 216046752692626122233111018157 333745931365177230457523980871 13989050023843860226451367 -251754310858747914094087383548 -4251316636677512742 49930386356261936334178 -107800540666887331035333292900 -16803709225603636423725979 -1150600893599733807258183 1083099998142344555 -754553564414887157011486 2814767490984370342155719 219804824480247170111717990356 -102327414934 128077707751995599403 -183164529532696790101135843823 4268092231227232263 -2075785170298532789013970234 -240662319378904896352 -6256375511672278 77840357225117674784234935052 -1679902767045988692875734
1477679873560293144130914366391372151 -3643463002141295372663744032770733701 462622303313846205334727497975115645 481949160898270 260525137594439308709143934528457235 10210590076754 15181889242739341580292608094452858 -890908213888181245717898501025838139 -1218774425910687289606407716273946521 -1882745289295452852650821807647872319 -78915772624928465468043191443844 1420209801181073958668330570756034364 23982753393948249037481274 -281669949713436009877398555231 608130140475060169028108459868638643 94793977735645291054217818841380 6490830924655387238343272866403 -6110041294540408453316413 4256627678160867936366626525915 -15878815997647301565828813093336 -1239974660250730345268296906272449733 577280620433128351 -722518773612018472230874216 1033277480666493364201790545802940917 -24077388769394766203771433 11710029647350764839555546198440642 1357637069742433330760787850 35293797857390366371548 -439117161018840940947131768522681716 9476756789787030111158865387076
-549931670536257593319671869935712797468116039 1355947070238590841164364152972800369734223436 -172168993190482194716491732283410289060309215 -179361654651054707784413 -96956740561677920359511847927172201199715300 -3799961655119279665064 -5650074730354256332259831460896931683470093 331559393292372836856529233063600969592833949 453577711952632172125287409397404355020924341 700680357540426192012537928185220360734313792 29369204688917768667751745028880725633814 -528543673396392581099052765082748575087854887 -8925394379376665451507073821518666 104825969925788021758838715699832749729 -226321025303761932480515488765862452619961470 -35278419545187895505601800826635270031895 -2415620296000799056770170076724550499819 2273906057917911945640579485509644 -1584141742596702330218089462431843362590 5909442203259279502029219866856945696452 461467567187846152955203221941060224635924266 -214840102814761748954464549 268891769642183665396985411085753620 -384543378601572984395407340001065227384046423 8960613773673305461610679411241083 -4357991389894877997329761240104379993402999 -505256676431914943758200677321348643 -13134899894467384925271342871527 163421346017525510611385704642545374247745820 -3526859088983022396532258151444250392208
1 0 0 0 0 0 0 0 0 0 0 0 0 0 0 0 0 0 0 0 0 0 0 0 0 0 0 0 0 0
0 0 1 0 0 0 0 0 0 0 0 0 0 0 1 0 0 0 0 0 0 0 0 0 0 0 0 0 0 0
0 0 0 0 1 0 0 0 0 0 0 0 0 0 2 0 0 0 0 0 0 0 0 0 0 0 0 0 0 0
-1 0 0 0 -2 0 0 1 0 1 0 0 0 0 -4 0 0 0 0 0 0 0 0 0 0 0 0 0 0 0
2 3 -5 0 -3 0 0 -4 1 5 0 0 0 0 -8 0 0 0 0 0 -8 0 0 0 0 0 0 0 0 0
2 10 -12 0 -9 0 0 -8 6 11 0 1 0 0 -21 0 0 0 0 0 -21 0 0 0 0 0 0 0 3 0
86 -212 26 0 15 0 1 -52 -70 -109 0 83 0 0 35 0 0 0 0 0 -73 0 0 60 0 0 0 0 -25 0
-29202 71987 -9136 0 -5148 0 -302 17603 24077 37199 0 -28062 0 0 -12015 0 0 0 0 0 24508 0 0 -20417 0 -228 0 0 8673 1
-4687894 11558819 -1467670 0 -826506 0 -48157 2826388 3866552 5972972 254 -4505584 0 1 -1929279 -310 -23 0 -15 56 3933766 0 0 -3278049 0 -37159 0 0 1393101 -34
-50908771382 125523953442 -15938182445 0 -8975567108 0 -523044426 30693414920 41989003622 64864013388 2718521 -48928821344 0 9643 -20951194060 -3265130 -223380 1 -146501 546650 42719393591 0 47 -35598296417 0 -403431183 -88 0 15128387347 -326143
672322445921617 -1657721676419691 210486292777322 0 118535077093581 0 6907534638891 -405350035665573 -554524303746820 -856621207738443 -35905506418 646174414588967 10910 -128155488 276690202524305 43129853307 2953231235 -2782 1936702118 -7224624887 -564170096230915 0 -328795 470125942394563 -10953 5327889966056 617816 16 -199791801336868 4311782965
-58275245093896724517 143687210768298733734 -18244430741661621181 0 -10274327016349910491 0 -598728000860586274 35134737536493609653 48064793772276955592 74249805486435894582 3112200466376769 -56008798474851179765 -945807846 11108214765772 -23982821732412378192 -3738389068712723 -255978828638989 240961339 -167868579482222 626212693869420 48900867183248947557 -22 28493956357 -40749352761207164302 949539989 -461808311777581342 -53541102207 -1391889 17317458700749906958 -373734754532616
-723593621189477935894637 1784139199945417108485361 -226537935372525265678343 -236 -127574538366449141554569 -5 -7434301847248583846766 436261948321444334571750 596812216256972397732878 921946969729192077463707 38643653949928099521 -695451546219811759407958 -11743928901629 137928777768583940 -297790542034380604034581 -46418929325622720377 -3178444761505655554 2991978834521 -2084395064727201884 7775574516187814591 607193594937604032145552 -282684 353804626515189 -505977652742592983222214 11790270166228 -5734193791478850174941 -664810789624327 -17282746727 215027884153625153792887 -4640599689655442379
13326667131916131352247528347682311722 -32859091813980571475181954645740734018 4172225361105869330969376328688471261 4346527385701915 2349583188036889935040112115441021913 92085665485833 136920037953910812995535204597749227 -8034783056881967696698109648401192889 -10991691349135225855233603214999800359 -16979807476277353308297213389416035821 -711713174177904616684369665179447 12808365070455637784405509412081120274 216291889134226107531602026 -2540280698180163515343339488528 5484508586741501626781445564619415283 854913036305673312304036051782737 58538486373246438432620373096206 -55104280671032324953929349 38389005079073591044994519842670 -143205371498860064954476955022980 -11182888692500032520435210350088142669 5206287781175596749 -6516138823281306823465485878 9318760636950236980501444229956176095 -217145371793119603013718144 105608575989544606338649801326117552 12244043948988104613594336720 318302160219132697382584 -3960240875928351516544529027932970440 85467485540916614007770314329645
39979993051363640185048475965198643761 -98577254867487348262780263800284380932 12516673470912469610575910957184999429 13039579435562913 7048748092938174976751763041744542167 276256938798822 410760028130358953568536004198244117 -24104344139731528411584349265496536948 -32975067165047109958867522539026249472 -50939411797063049247014195195789528346 -2135139076900270697800790211158082 38425087191512799944016582025531535473 648875531973262684579800895 -7620840503964293314836318855354 16453522326143846852831321285038175248 2564738573620142223908154556047832 175615422466339903992029702028852 -165312807509997666316492709 115166991200255977116496962200976 -429616024829695985997741763424734 -33548659075424861025811919823490601779 15618860083651837933 -19548412389816340215069087522 27956276075984167473868106763470014928 -651435979415541912551797471 316825661842678796490354252577525843 36732124180455302822866860725 954906281355076921688210 -11880720148112285683481152359048023676 256402403107975574765634006741365
