0 0 0 0 0 0 0 0 0 0 0 0 1 0 0 0 0 0 0 0 0 0 0 0 0 0 0 0 0 0 0 0 0 0 0 0 0 0 0 0
0 0 0 1 0 0 0 0 0 0 0 0 0 0 0 0 0 0 0 0 0 0 0 0 0 0 0 0 0 0 0 0 0 0 0 0 0 0 0 0
0 0 0 1 0 0 0 0 1 0 0 0 0 0 0 0 0 0 0 0 0 0 0 0 0 0 0 0 0 0 0 0 0 0 0 0 0 0 0 0
3 0 1 -1 -1 1 0 0 -2 0 0 0 0 0 0 0 0 0 0 0 0 0 0 0 0 0 0 0 0 0 0 0 0 0 0 0 0 0 0 0
-3 0 1 -1 11 1 -6 0 10 0 0 0 -4 0 0 0 0 0 0 0 0 0 0 0 1 0 0 0 0 0 0 0 0 0 0 0 0 0 0 0
10 0 -2 1 -24 -1 12 -4 -22 0 0 0 8 0 0 0 0 0 0 0 0 0 0 0 0 0 0 0 0 0 1 0 0 0 0 0 0 0 0 0
2 0 3 -4 -3 1 2 -1 -2 0 0 -4 -1 0 0 0 0 0 0 0 0 0 0 0 -2 0 0 0 0 0 -2 0 0 0 1 0 0 0 0 0
10 0 22 -25 -9 7 8 -8 -2 0 0 -27 -8 0 0 0 2 0 1 0 0 0 0 0 -14 0 0 0 0 0 -15 0 0 0 9 0 0 0 0 0
462 0 276 -513 -839 73 456 -324 -498 0 0 -559 30 0 0 0 58 0 57 0 0 0 0 0 -200 64 0 0 0 0 -203 0 1 0 183 0 0 0 0 0
95865 0 32905 315293 -70395 106623 88987 293966 -408413 0 -3001 235982 151375 0 0 0 83255 0 31066 -158390 1 -7 0 0 -80284 -229627 -1975 0 0 0 -82774 0 -103183 0 -43686 0 0 0 0 0
8537969 0 2735651 26736113 -8523395 9334942 9355699 25156610 -35841308 0 -2522258 20537021 12307327 0 1 0 4514732 0 2740671 -13604221 -246 -5232 0 0 -6566526 -17690536 -1684997 112 0 0 -5309980 0 -7467359 0 -2151158 131 0 0 0 0
41464292674 0 13267268017 129703229438 -41614104651 45315419187 45574574768 122063756589 -173997304320 0 -12470048988 99682242668 59650647325 -148 1911 0 21642216910 -1891 13306906761 -66016020540 16189 -27994387 0 0 -31831334050 -85641979999 -8330842480 -7780 0 0 -25584551156 278 -36096963951 0 -10277587731 -10751 0 0 0 0
-32536987561940257295 0 -10410864662549254254 -101778416370127193037 32653882258363289561 -35559023696768974903 -35761910427604328384 -95783640684251225149 136535718190913451391 0 9784571963052710668 -78220733858498119266 -46808165218189633243 -15635807106 171982484727 0 -16983471692054955048 -203276351892 -10441923802322121713 51802865218828248988 -2629498838099 21952805439638082 0 0 24978193112842672397 67203981449545596979 6536760637638974914 -3457265800495 0 370614 20076784276218686221 46920538963 28325746950766092276 0 8065318947171607362 5883515721178 0 0 0 -2
-307558299566392320832 154 -98409474034254495232 -962068065206299178564 308663255395211498234 -336124321331216401596 -338042123273403820070 -905402001308399402160 1290614050760926046548 0 92489395621248023367 -739387315760479201262 -442457669841865980480 -147797402788 1625674964584 0 -160537531767516088083 -1921485318055 -98703062867464187228 489670443799991752881 -24855537034938 207510529326151229 0 0 236108231759397786112 635250642653000729355 61789217042801121759 -32680063646637 0 4130312 189777299481143305720 443522992023 267751233870133095210 0 76238028370992138277 55614369478750 -153 0 1 -9
535836230589966818355498097475 -268020767725 171451596966165026040047568066 1676140511759601860303697878772 -537761313955031625807150084538 585604711710438230176424454219 588945957143153307128553501655 1577415391597899871568418738765 -2248542045788287317657795475380 -976918 -161137479265245553792642956157 1288180201222641586367569906037 770861493050055777534687215505 257496556953330063739 -2832294060719925781647 0 279692747722301096001332042411 3347662707890706399959 171963095221787382515971997103 -853116840634838279423423125109 43303976166039996100399 -361530350501404051825113772 -5247821 0 -411354026523050308894152912549 -1106750526059395687058658464561 -107650813514049560406559695597 56936074053413934876749 0 -7195939198861509 -330635046912682863532545569747 -772717525623137776670 -466483304450101050470076603305 1 -132823916010450199958631043968 -96892830237859270378696 266293594723 1722231 -1740825896 15640710413
27768131809432838215061529968833825395926 -13889393220369341773198 8884973190880329974941514328410839064941 86861037019511926239321826439492771597571 -27867893575385860759169229591696419036155 30347236514963730881402018177815093600825 30520386702066877772523503048848712480108 81744898929084773692554904778621661446591 -116524057803548675360086578990256537659939 -49356897505854923 -8350474470064457221393013835443741934240 66756138498638140815252022403878273281130 39947622657509315370443897738991679142696 13343999389669272582675603120887 -146775283773835397007573583070656 1 14494251492371420340205062078211790047822 173482743456676921017491522059255 8911480078939725252356275545996310653534 -44210263373778420562717404672216177283964 2244100808053221184343395998277833 -18735243816530041122267203583441386461 -270585817755405860 7099369899 -21317208834976587574376393890030544078139 -57354080842834065417334223698459700503561 -5578685815551446626693281570199355970115 2950544063222645592269201232522717 12617185 -372908319287764343427068974 -17134185856340446850995054723830204021294 -40043806069883643064884487998893 -24174121019417191646989045890693348046243 -3272843749 -6883207585949075823115044892303387220745 -5021185070803337388098106153925754 13799887581385422038902 86801031389396936 -90211874396400426693 810536320937509761911
-3346073019821951198530561092809959514308236828 1673678453964102507889981983 -1070643472880189105283427731871419759277488616 -10466796053813493229538799118658024341335041808 3358094359815439903598695908338673839397077547 -3656856356983336657176847670291061479817873127 -3677721036444637306881448520167938850292247417 -9850298993530655760174030927655635788943151061 14041204091525498575486701983350474986635498330 5947530390806467126855 1006236124156650085946039716067951864961941914 -8044146270650854838031456417726653894405231429 -4813707428992866953752401681404651861460901365 -1607958239348508374823148927818880461 17686491132453765976500514558169868434 -5612 -1746564161895219906066704808083113597870127648 -20904752659229622353084714748796484612 -1073837565431451549858229706177825635175170713 5327357651909822080739944331111226870190434779 -270415209028816974720363345716672056103 2257605743321255165671418832089205195478707 32605723440599868956055 467884438672404 2568733749542158203583116695731487913801433588 6911193875120613176413699937709821007335618517 672234279986348827780531616764867186025500989 -355541955486949903140379967571228690103 96776040711 44935628892832766895042127688343 2064677501676215576281343929118376323209724402 4825297575687244813137379445477500204 2912993019339702066202379411652795634358785756 -267617891283282 829429770473579717346453427935631494099413612 605055176496981096343629331380123386148 -1662892982114744079077290477 -10459574875962123936654 10870573546622263727491126 -97670010128091828975013568
11888835556694836270125074842033399205142773584285113126251467381689977 -5946698651250971834836847465461847290230694591685999 3804072449560155271379692912774499788627370144971344570036925469357879 37189271229912538609245765323244223658069671500070549597444342114478362 -11931548233168737945228133344321472211424909271649889081028023601909501 12993070869966381928101722714830065356355008285011754322781945164042044 13067204560889765017059422466638437729974016034515896819128597643978915 34998813302823294618733451728966687277424708825750267422857936240370298 -49889397354221549841983398611152531238804626566920956447131289538770961 -21131998723837051461346101748193948962219470258 -3575228556112307008295640903250477432843947781611435826571100875402088 28581424146821797440886054659390298086492254843450914326965545840246553 17103445054041805793722419792891158076878871571035824444750558991700999 5713190051860912165332239229275216481927667919716578593604571 -62841361620934704860957213820753648762662959539418209806791830 19939845781476515246882944303 6205666758310527969920438230374963850766620447002536563806777847432537 74276073847361774577116249963216814460473328451440527132889341 3815421287696641522397433862346809340339788290008560176330739766513808 -18928480849059892514964479682788691816730200084295211521213517525103606 960804481291306625232843135217153527397246159173104519351672442 -8021433864472097200054812135726577492714380826718111154972299342895 -115850455712107875656354427182769903251380285988 -1662426706757497308294383770743991741661 -9126893811439862437155666854756673492645593858811923686397153645975808 -24555963660983608120224044656154815489968124268882143594573121564274065 -2388496235134798340435515270706639605678520092928007161988936517339360 1263265869348836183689871226585976021030101440950110454132005109 -343852159539306241958720332262788045 -159659487219433483176617097474521441906534512289038054226 -7335946092515999715543392084917259876639907116736689740395113843304976 -17144625670038871145744135864152635888779928270201405597282090 -10350071495622207490406300181181795430476064543726159043619094454962421 950865412275341587104078793153242434671 -2947022999370242465054228621907999104786686326321240764799830236314589 -2149804099757018664907335594471354781077412981804810393415487314 5908377102241498393292060681709248575427077322906748 37163613871124491380521110508951540282248247307 -38623921395961049407840389412068751067682599825523 347028496495689422871140099581479412058476525262483
-1744114289524111295971427716478587364877832039388004168040477778861839320512 872391753059454143849584194863406105973549814276518295316 -558064503964537168921394464434775586106764473694938008862901895783543544119 -5455735261856921356600990171308602357855473068461560697950915705056208003622 1750380318608852248971088178731493936513215249567055043704852702304818502618 -1906107663870139423360018411566314340494374690983236850254986789781292781921 -1916983214218030838644204675671489562619980878775719368290049669425561107683 -5134391009678551607822896510516769762177721042627893815645428546418720175242 7318867386658870676131455403076302187678119484619205273017628492269701275781 3100103518522871663577647679132399423336519612094922 524492679143731448292664764575678363875883045801451901899593058560395175941 -4192948084082993072567360619623302526748845184489802639358087928722116162139 -2509107202012457606866230973029739135509650976158319868405072982558516717158 -838135607200524758538896929877530527563385248104235488202966329667 9218944635373054920133027782805950084760819780403041599285418527019 -2925212464461790032927667498539623 -910382856048445990504439851484434941947419559720386943605162308124871035352 -10896438187672798260057339746760612986846967324931131539471442228455 -559729399628115899560078899252545416405574438510054424157328546457035416075 2776843347727047147178871990065512578813986669082183104695831160518396982782 -140951804511697555210040717443495808739577535138148378297160796885071 1176759267867927371486102291151233204608369555358090519933166467661279634 16995477336010893903450615343923814601621947124566189 243881090012176723396623800773230129573071277 1338932298255022239831155328116046689059703624696766164776325221955844872709 3602405543412433302915641839066336186712658843403134206561453636239907359424 350396840321951800265402489223638030859920038158361313781226808747580224104 -185323452721044160834823560731238493666460999350334537512337078533597 50443751372985878201735135500341064711139 23422343743386828227220841430948942625755897675982102688167161 1076196936707629116213700370347754154092750867826405873439319937901525926018 2515148474975598354085638260477338991908688283687294534304490921554 1518374739647703524343288928819541458845641146376010090949052770053864693810 -139493724600284417344587979584377346794377592 432333755500844001583213805263542755725212589479155474296661336949807149758 315380260092193393167611809375093819784288778224117889399220437097437 -866769910541287268601343277848264484384172312492012696496 -5451971279599762373469476182596602091449951130119042 5666201109680370501472200210030291969108853698179179777 -50909725912506849742060185906136697322686086390173233104
-953438728206421996824489710572055021547537938300504213418075074056733629903129642969 476902281307338708615044524424014855126180653700740447540186432962 -305071929123564688926706313760534579494040154521913189555676452605303316001948359372 -2982436025402384265832048865790111239474665437460632000015545347232930823031316894374 956864120015516095779528081458662360106921481384229626111721649268825172514004428389 -1041994138675816410740702985043095344450070976528543740013188020524612468224981603357 -1047939374578371725449386736397038384003833569273297546902074060530508909041349751864 -2806769753442083889475339634691348548028548115694196079333877528476393211191499766645 4000937126059264058684581513124717875625970992473122714098458889321720720166072963583 1694704741404986481466836479942662383548969362259942309910349 286719532062789792242038915438329272043367104020082334523968857924414183861755294996 -2292119910223564908234107507858955348323061152203179891150820400868065001537595495794 -1371630284775130704512811258326572819570015650059001469745041083016269610246801426540 -458175792832834525213570002890841644249662906430470556846156648117121656094 5039634673799850273840693185544290592490752080544146775412734576708857877542 -1599098676389501681319592614996130436895025 -497670524039222383357573069595124657755947498065493406893762850302484036244736082562 -5956654463549717923157668593364361704874200910779664136736230232576289363941 -305982062142721371587888085291497885880177291210045369317262892490229867505598950066 1517991112043313339830530286897206465966343450615116835777483485220451801806651698236 -77052811297533542720776682863600263725892612651804700147239509118301244879623 643288038232431691017582084690630518998371753078000594637204406591221185000548658 9290759438092020399975322216472567014945748065497627708798120 133320205958665289812528876208344524812849298054261918 731941659597945769015814553839799604222694757875913913837382051223733226322138035616 1969293515009317119963044032275512428941088872404676192627248149139923616565636154132 191548179962028787404617957792758123840400592827679929099171163209868619845198408589 -101309047308698532558536805542056497032689052562022075867727416088434027013870 27575616141613938263631307259998345548983194974898 12804074689624667540030282797583807411478947510663286514798085398594403 588314564473949346954082989457185144405573030835519220909824177117469766602816357297 1374932811246774023016247709294669943209902474603539871308625105486597928978 830035789171515943524029066669439614456414353308352606409232081593236912135939456315 -76255736321019019929178794257248665289575911065303958 236339870891088438802760144902608193128601944938942121031931833786718183028303114108 172405991906503740998610684672570732533895238038156234878985679142971292032900 -473829040973896836095153458005459872894780882638934820750543571586 -2980378404248878094416904569686299602077954747070706558468230 3097489431870619967477501825732320432246686197768517876685188410 -27830346106849571613486055961209450029216204842569032019164476993
1 0 0 0 0 0 0 0 0 0 0 0 0 0 0 0 0 0 0 0 0 0 0 0 0 0 0 0 0 0 0 0 0 0 0 0 0 0 0 0
3 0 1 0 0 0 0 0 0 0 0 0 0 0 0 0 0 0 0 0 0 0 0 0 0 0 0 0 0 0 0 0 0 0 0 0 0 0 0 0
-3 0 -1 0 1 0 0 0 0 0 0 0 0 0 0 0 0 0 0 0 0 0 0 0 0 0 0 0 0 0 0 0 0 0 0 0 0 0 0 0
1 0 0 0 -2 0 1 0 -3 0 0 0 1 0 0 0 0 0 0 0 0 0 0 0 0 0 0 0 0 0 0 0 0 0 0 0 0 0 0 0
-3 0 0 0 6 0 -3 1 6 0 0 0 -2 0 0 0 0 0 0 0 0 0 0 0 0 0 0 0 0 0 0 0 0 0 0 0 0 0 0 0
-4 0 0 1 8 0 -4 2 7 0 0 1 -2 0 0 0 0 0 0 0 0 0 0 0 0 0 0 0 0 0 0 0 0 0 0 0 0 0 0 0
-6 0 0 1 16 0 -8 1 16 0 0 1 -4 0 0 0 1 0 0 0 0 0 0 0 1 0 0 0 0 0 0 0 0 0 0 0 0 0 0 0
-1 0 -15 14 -7 -5 1 2 -8 0 0 15 8 0 0 0 -1 0 0 0 0 0 0 0 9 1 0 0 0 0 10 0 0 0 -5 0 0 0 0 0
-307 0 -183 338 557 -49 -303 213 333 0 0 369 -21 0 0 0 -39 0 -38 1 0 0 0 0 133 -41 0 0 0 0 135 0 0 0 -121 0 0 0 0 0
-1363 0 -433 -4242 1404 -1487 -1521 -3996 5711 0 446 -3269 -1942 0 0 0 -665 0 -437 2162 0 1 0 0 1037 2771 298 0 0 0 808 0 1159 0 310 0 0 0 0 0
-3632084 0 -1162149 -11361390 3645247 -3969422 -3992152 -10692213 15241365 0 1092360 -8731704 -5225105 0 0 0 -1895708 0 -1165624 5782695 -1 2452 0 0 2788270 7501799 729771 0 0 0 2241054 0 3161899 0 900239 1 0 0 0 0
2079418530 0 665351851 6504594951 -2086889194 2272554970 2285521332 6121472585 -8725912376 0 -625325873 4999038191 2991480572 1 -11 0 1085403060 13 667336821 -3310688725 168 -1402990 0 0 -1596340704 -4294964436 -417760283 221 0 0 -1283094732 -3 -1810280778 0 -515449493 -376 0 0 0 0
-79235889994557 0 -25353119294760 -247856486036743 79520558490338 -86595321235173 -87089402337643 -233257673350600 332499409366278 0 23827936321152 -190487501386127 -113989859172275 -38077 418821 0 -41359099153105 -495030 -25428756247249 126153231674199 -6403503 53460698338 0 0 60828291432461 163658890399599 15918684722073 -8419327 0 1 48892106785447 114264 68980441570753 0 19641115319994 14327866 0 0 0 0
1009817855070923502132057 -498658 323111566581140134896449 3158794646115991735586866 -1013445798542386962048418 1103609760108546808911071 1109906552119820402962998 2972740804677268016170044 -4237522168321311697242810 0 -303673948109123047345601 2427658477500188084407214 1452738084939701938208255 485268830251973 -5337640402126347 0 527098979986583045639360 6308885779273459 324075517956351153418953 -1607753580205343709783120 81609129490740326 -681327208286021572511 -106 0 -775223131666439416988956 -2085742580514565550665786 -202874884887324736540972 107299695120418847 0 -13561211096 -623103020706586918562692 -1456235897766749 -879117803227951372047459 0 -250315216311736972768222 -182600773178063233 495755 -5 -3222 28608
48951977001470267451038939 -24485380 15663171231091090161635005 153125875218533560565645562 -49127845356823560660119142 53498637723767908276891085 53803881304252289549351924 144106720604255197170629991 -205418320428010537642718552 -87 -14720912339918378835720929 117683284526264413457921830 70422998529901814312454319 23523914237861196 -258747702761924274 0 25551674508656252430471043 305829838540249646 15709899782495591979911279 -77937536840954218670975768 3956087931975495346 -33028049229878992689471 -477 0 -37579752350168151560531353 -101108553705623760908153936 -9834572293716024799329325 5201464978484256697 0 -657393864114 -30205570822505618884378200 -70592558665339935 -42616155249280329488565689 0 -12134291991845991804293760 -8851763517724068680 24327592 153 -159033 1428881
276623068328228751020100242001606536 -138364604295166231 88511123576576334273926466030400949 865300076483612014661559471357883372 -277616884044358174498158026683232953 302315825121516976346741179358273226 304040728199865540777486429076676501 814333672755863713542843745952767111 -1160799819911683252698924217175195611 -491688046236 -83186506235219081792097809160903453 665017293491976286166142409670808023 397953813665803199841914608216985701 132931451070338303018199171 -1462159198569942056963795636 0 144390135730297209412653196271897528 1728215968086226728343432854 88775182273687963067593217035858886 -440417770629398532324488428596833105 22355484892601377110828592707 -186638433797893620507679456340671 -2695546453937 -38680 -212359684713168051328281954575733171 -571355031471744301371063934668222642 -55574253180863446352130659853791717 29392994732509452419971762368 -8 -3714871572723609291806 -170688870875964135970486317249136002 -398911982218007623028801983 -240819928989875265768582987108607126 22124 -68569755265947213165878520726333940 -50020492212503777689757781768 137472958984779068 864703094776 -898680749386136 8074473487347742
-6641267547026734255457660584260325993160343774995886998 3321907900581659678264868673038123478 -2125007347046345208421424255851706294949221603580840584 -20774439930554146814883361838980247843909526779057449798 6665127437321291944077535887270676025411123647704019695 -7258108625813593701808913970436976816690626154205876553 -7299520728228747996369195041334863950796541490504055003 -19550819915378370168675442704939195671535321436810259591 27868905580305990389393532924275988599132313582102476206 11804626000516874415230455244055 1997171991292383097186583813186959682312279298333949620 -15965977805724149521865923731680830924298844414026607109 -9554220347155766062850511158092856291960990042568776476 -3191466775739320683819567277275013835012715971 35104051490481682292860433033477800590463505403 -11115164702081 -3466571057619026464366940095029762216570610461945274562 -41491639480644104602657201119255541588618902045 -2131346964585243944117668858673205783387377381371859155 10573710518402220457409205304110628372470929172336097287 -536718637431616785640825992692542682827255664869 4480883611409781873881490245881658437826593586003752 64715662703890223990966019210284 928654491344853203949061 5098408787473024167317835051369984400427620100149008177 13717300047591553592187339144350864725356006915207771054 1334246945964670796551283001041064038731894624596543069 -705677741219033289133843502917720675532938255870 192080559109341896408 89187992044204382410389628500508710761901 4097960685773714290572050497919852908028824848254327256 9577224407333372917399924192209714086705193147 5781692715446361316673814804234044274759804912863954277 -531166536357056834609707 1646247701276145615983150358583155967150650273679828283 1200910226413335721155052074601839467565112620149 -3300500954663806986374845820891518502 -20760107375994963987598512226228 21575855304135384178963840323461798 -193854905358874787904984505696325858
203982549959633291447185662428790557608150919050756485814799 -102030409028629249608989072408268645063538 65268326304295479007986666595935299470274575258100503267125 638074464100580764123427886553437763828564350173645810683517 -204715392181329346725532157488769707316653881704771199844108 222928453776913753085391769903046077215256350044608888492785 224200401667887442358334910705668979620517563186434003682481 600491709135537438333151572524467457002089229248549962678547 -855976722003936729866848804313980589945507861914877772878844 -362572008408732516744766767394014283 -61341940014773946125445900660740829952917352235418061739690 490385433556063985770594570630435942429550947982559349975733 293452148326949604790967793797746490212133247497905201874166 98023988104229760346687427134782271044723251148586 -1078199889740700789081085748760892650561267259791513 342117658950795615 106473651142990970571322688715113874378687546992824818209500 1274390824242080378752577431095813179064988984895519 65463043855154023447955186627544777469947666041777076708373 -324765177551730187587623445027578533496128025512819389429536 16484991080230661242324021180137447569180488703102005 -137627652952620688320718593551445448990095784413382377228 -1987702770170286708193267506950988593 -28523065791286227590831030624 -156594568407494260682432870545389454626082468152811412769076 -421318644740011490876599104910443697257223197289472215202945 -40980594801601209410753850822491958657541145986689156298750 21674468628817188105248274545866773046416382505875827 -5899639201625361370952965 -2739355689878979412419790023122300013543909846 -125866404929384910786201396944837992390409799442665198493203 -294158704239842148833731852543387568126626782781941 -177581224491969373597361683717208543003283452060735001063037 16314461625732515298249621768 -50563510895119952007454142139406698498216905884718401502541 -36885237422193959676612569184058855828391641474498665 101372907522440648402192967952072521845317 637634248282483431009456481955287788 -662689456693845560865400793416045538094 5954137163919844182335452638142395359662
-134603114696851870172164666027138729079316031690781375316423632934307591164140585612 67327380953738828441297048488554950717519921862827996161029071805 -43068978269696065630282317756889285826687572924373106291985020503740011963621872405 -421049792217320343949832617045374099090667523733956878494027631207870586636248737982 135086699423296218467764297911603741360580526186937894367614387848247057031226103089 -147105055010165866080178136238078295011563895148629955082195437474196623926876636026 -147944382432492095555349058899943841648897505984219941506395042278513813961744288490 -396249847917258902402077866324247796243278163393028562226144233853414425696649348985 564838183033459685474811084624399040002972382393205787279345509985621738497025139805 239252434305612891714373860904522590663328984886059774560799 40478051623386365581292273056316658650526439196417541615723953456006802794911402015 -323593399394579158803927718180055539778794078686444939019801364127918848371752698899 -193641922738521860582684069139042947281922383068491389021187634481399368812200585414 -64683641401911817686905606476886392669780700834565683781963893612637527237 711477836969979083135073680320942691361131896478472821123142239166445934885 -225755107467209247209225571940721833640814 -70259368165702145961426940868539694594784821328355669947871276210443004613413639585 -840939454468131199903198621307669681080765112734790792574574693382837827360 -43197467637227207080614878906057714331690929431493913485581864759316423246891797884 214304627784042179745739738143305820109975503629051728446566079352716273824760685856 -10878043958112978466089185801493210322783604617761208131490957763340469011590 90817134894656995277908646248600070719695214012609615437411233574402553866007668 1311636627787169772199929438885574633945554691087588894892843 18821676153034272561476784561257191849424010705099912 103332940275671507011565355806003031601327223106327588577713846704889803931155245056 278017908262665705809412539892537395973200922534371285005583373481563879509427410527 27042096020060242946350351857286294764618912155847097816621723615907297635828561277 -14302453751143618102783150633132625335938396337818667216694898935757279004677 3893028164828662286145376940983311751043390086450 1807634075528628725886215671413792823695699244904022233231985545119997 83056173886163807286938908532989803193573298352848319724443452049432922576775359586 194108161770250969371295237856747635437296528364717374028331086558714052584 117181523287311519891480253551961593326250679191750121320964525858461696598558995467 -10765515726028675593447057433794711807830456799312858 33365628863048386685355611909239841420714203313544348454105020833325414245695304441 24339669468504529958908815879851561227408550996736000501561917978751062678904 -66893511729786235337226207462960227940589134163274279957590387700 -420759304524787576610768497302878786004173682841045195860361 437292626086928555200370562301436832269071638665589178950042443 -3928990042307498789582756858271143102634599567008366618359938139
-219188763523056315463889688387236018017067901062784469678747644197437401973579620501858 109636433122159658077680111905603479134145110179321582662998289906079 -70133860679205015415259218524718861829015348112674066379062966268519406423500792859499 -685640770985165861629535355975564681009779785675805432229409389371980749512720868254682 219976236669474161351842925015125790766247240436801696612678519725707788883315026820129 -239547020797309691021653377872655579325116085782557533915458057844223463553056884573309 -240913788128845913571715479017138453083064714676226443897063544658097872126735751751381 -645256347944037890666581888342895105778443601868660842097162962161467330872831900438294 919786909898374019770703157760594459969791531197576743260700958678059226572031486632288 389600533118681714314284183801583317763352559785918956764829946 65914775487435345007821611379044396174651548915218061423615614464935202600403822086327 -526942019560704918880274382249036853365578316846926702439249803171009394634803175780478 -315328019762952062216279632195845561176678149581584306613597670610395848026989497549757 -105331346982458950866962494374967660599408914280011149393805502018577339740107 1158576067951536839030669389886630608966592793181703872590348314600411249534707 -367621380650782314331400962125517642693457169 -114410904003483799166696842548955990380409926065930026264013890132086684871515577193595 -1369392377269663717519420243680853094356369103543905352790141519060419646730669 -70343093769081420233436538648706576360258770024056256862556867719817477610300270111614 348975330080914131771426089586571883953543101097232720725351140050401769550839761773310 -17713891763189658102609057786961024516824985307220211774994160643516305437973400 147887331946948227522027348398294708233273957113675818248005254858729029642175935254 2135879331497705801821817538139713402683295038711357283480858743 30649364486893746875242176190057416256624399687209794648 168268167205762242729955108420559417700578338733262625004425260448035192826139863524272 452726533755206184485877503422246651176403621548883821243624037794700546189515989811200 44035560418182482108650346874224178440495228477806905304534209327100569174569043885002 -23290227422443062590623512753463219168730363458451657503388963117181137396504506 6339437476844545362886294461735656405651241231258509 2943565450246819934549050050462923862549015786062894204457704246997325100 135249322410293277188881133060681630131261155874653420239548793226841470908307624270507 316087247044587028146092630300837313517990227254724181142558736956489029939666 190819307970254312450309557876715975097164413154729265107433993070464915471883356904677 -17530649910966971535222028302413904865862908187458655816 54332850700607317007890699201441329877795860681080298568679024425783081681557383887294 39634907909647123858185434586805508191411289517178856506428258134085465073646847 -108929917088388404677425788886215424099012423208420044600991898185088 -685167738557288379536947516341653013724427494822024238833373899 712090728551215496701881119790594746822615201494200187868840181105 -6397998079073597462061395403171696034912833683868332952988874265601
