0 0 0 1 0 0 0 0 0 0 0 0 0 0 0 0 0 0 0 0 0 0 0 0 0 0 0 0 0 0
0 0 0 0 0 0 0 0 0 0 0 0 0 0 0 0 0 1 0 0 0 0 0 0 0 0 0 0 0 0
0 0 0 -1 0 0 1 0 0 0 0 0 0 0 0 0 0 0 0 0 0 0 0 0 0 0 0 0 0 0
0 0 0 0 2 0 2 0 1 0 0 0 0 0 0 0 0 2 0 0 0 0 0 0 0 0 0 0 0 0
-13 0 2 1 27 6 16 0 20 0 0 0 0 0 0 0 0 -19 0 0 0 0 0 0 0 0 1 0 0 0
-57 0 -1 15 143 28 100 0 83 0 17 0 0 0 0 0 0 -58 0 0 0 0 0 0 0 0 -1 1 0 0
272 0 -580 -385 -607 -22 706 0 -185 0 -33 0 0 0 0 -444 0 -87 0 0 1 0 0 182 0 0 586 -707 0 78
-154353 0 180847 629261 950355 128309 -289181 0 206238 0 345797 0 0 138 177 459 0 -157669 0 0 0 0 1 1857 0 0 -590038 616125 0 -372009
51057722748 -1876 -59704764292 -207820486086 -314197158312 -42417366790 95374278294 -48 -68257796835 0 -114340172862 0 3620 82489 731157 -59680428 0 52238840853 1 0 0 0 255 -589502394 0 0 194940166310 -203562832907 0 122951409392
-5189373104896 18647 6068236012208 21122330091726 31934176480802 4311189863443 -9693592308937 11084 6937543415814 0 11621235775746 0 -4290 -7930290 -74230308 6065578205 0 -5309418771182 1976 0 -3449 0 -82283 59915329690 0 -503 -19813207900625 20689593213963 0 -12496459746104
-63057955603951349 228717049 73737337749342490 256665097604145921 388043766124376518 52386832340071998 -117790357736394103 72498 84300607430868388 0 141213852789806296 0 14431952 -96300243187 -901949661860 73705095967021 1 -64516674066593334 45448 0 -89400 -2 -944136606 728052925979604 0 -1500 -240757478701156766 251406754684014741 0 -151849016873331050
-7105219704325088117 25771285699 8308546956575826109 28920409668264697406 43723843990823770286 5902823043101213658 -13272335944803358592 8197685 9498790933952343349 0 15911639376125437285 164 1626078960 -10850881209726 -101629531840983 8304914029546101 -509 -7269584613789181786 5077239 1 -10002050 22927 -106383040124 82035263368773248 0 -117329 -27127977195694398149 28327912157516366536 -193 -17109984242863520712
14618340930359967970761218133149 -53022067752728190672534 -17094076904222504669426108309320 -59501102846830261494302535812008 -89957817610433265148725469192681 -12144519562584720039049616260223 27306619620122828507899974247181 -16865989620183871028 -19542895234358901527150176749260 -5080681 -32736745497053738718001809446388 -337617422404120 -3345509019421871977955 22324697549050580277483755 209093484349260923858175438 -17086602488496369352809518800 1047301080567263 14956506727269988092571005134884 -10445955035799749923 -2059101077209 20578303615419778849 -47170763629804823 218873393710126521528799 -168780065661672513420065358690 396592803 241392606537412801 55813336659567844751882968940976 -58282093305543818720182130431414 397317908509289 35202230667548979802973797875601
-74473208640826879156105575349346208993 270121180859595029661607311416 87085857545337362965163440069078072824 303128656513155466628978945561823612859 458290537325036728760183390490403459064 61870313706297183202726882931327383251 -139113705853009391133578282640685413170 85923865772358621872873700 99561374383569864989382343679850558235 38576915187149 166777508421654957260110719024901026963 1719993527006113725846 17043711895905476109823962435 -113733279743179446262191899897476 -1065227768292070513368482594887033 87047779098235018229585311899214422 -5335480411913935970874 -76195995930331644444285759665557179816 53216968501564465444677201 10490090083956720575 -104836267393799739420040335 240311683546447160306388 -1115051563878029948770177973783 859850861620633901286885286632836677 -2024940341552236 -1229775802862889682390161 -284341313818732634621874601372063703395 296918406503536322440132466731875513719 -2024137939561327034085 -179337934558784006188162208453221528680
6469688764317566925547691715406715600742129723 -23466156497163000472023513771170530058 -7565383637615398005853643324551466930776911061 -26333605050430472052877694200988258973886665273 -39812936682030008602664981448865432973840863057 -5374841244734499777358648168376803686621107847 12085183331638990048999612207495876848502029145 -7464438274107201770393117534723229 -8649165477963283933588028700147110011357039606 -3351280806857402282787 -14488412572369586377867892015336923087615373154 -149420482875099671744641651843 -1480633282325849453040437831447122095 9880317170597270089297214651234424952334 92539213090654964850904141275171782107839 -7562075660077209243700624652487858552251103 463507592907343687518673227153 6619351948886034875534775582559261183701097433 -4623101776722248946025391422345265 -911302456164729862956948119 9107409679658023410281300378480550 -20876524959102736255299716222265 96867540772261324882993758299699846374 -74697566546986746232371448964488336727922239 175912036224060415236062 106833945248465579863966654137454 24701497851616195679880105227992612777228150738 -25794103860081465266867413167045724101805646386 175842329396154610369389281965 15579570712827038421086299000575845700266510897
1 0 0 0 0 0 0 0 0 0 0 0 0 0 0 0 0 0 0 0 0 0 0 0 0 0 0 0 0 0
0 0 1 -4 0 0 0 0 0 0 0 0 0 0 0 0 0 0 0 0 0 0 0 0 0 0 0 0 0 0
1 0 0 1 1 0 0 0 0 0 0 0 0 0 0 0 0 5 0 0 0 0 0 0 0 0 0 0 0 0
-2 0 0 0 -2 1 -2 0 0 0 0 0 0 0 0 0 0 -9 0 0 0 0 0 0 0 0 0 0 0 0
-4 0 0 1 10 2 7 0 6 0 1 0 0 0 0 0 0 -4 0 0 0 0 0 0 0 0 0 0 0 0
-94 0 -2 23 234 46 166 0 137 0 27 0 0 0 0 0 0 -96 0 0 0 0 0 0 0 0 0 0 0 1
-83 0 97 338 511 69 -155 0 111 0 186 0 0 0 0 0 0 -85 0 0 0 0 0 1 0 0 -317 331 0 -200
81063 0 -94792 -329952 -498843 -67345 151424 0 -108371 0 -181535 0 0 0 1 -95 0 82938 0 0 0 0 0 -936 0 0 309502 -323192 0 195207
-267765581 1 313113879 1089887522 1647766146 222452353 -500178023 0 357969124 0 599642170 0 0 -409 -3830 312977 0 -273959797 0 0 0 0 -4 3091561 0 0 -1022338348 1067558805 0 -644802703
1593007823933 -5778 -1862796768872 -6484027347509 -9802993921133 -1323427519803 2975690532001 -1 -2129652411238 0 -3567428886448 0 -365 2432794 22785592 -1861982258 0 1629858842994 -1 0 2 0 23851 -18392508863 0 0 6082159555730 -6351187940768 0 3836100768237
-73226738639145339 265600158 85628287622111602 298055143717216313 450620055318743181 60834780372404042 -136785337513128872 84247 97894999740121301 0 163986126594594836 0 16759100 -111829707632 -1047398881175 85590846500631 0 -74920691362301858 52687 0 -103670 45 -1096388897 845459400254367 0 -1636 -279582247781666287 291948835655060719 0 -176336326870987844
1661140400181756753834800 -6025109091385442 -1942468155907119805088804 -6761347697738064606554090 -10222265704210314325503432 -1380030208784464892389402 3102960127929160275649253 -1916552295323 -2220737152387216789782231 -17 -3720006994958290912229698 -38857194 -380163533047656 2536844447481151767 23760126810693412397 -1941618808228771925309 119203756 1699567528806199162125059 -1187013785181 -238087 2338391800007 -5361550699 24871456928889156 -19179152213754672390600 1003 27427726208 6342292113436885243208107 -6622826780290281546808395 45727888 4000169911001171977357959
80425492136968895127840008581 -291710660836794897752 -94046209087520236078496954193 -327356264431499133654618494736 -494919484184490654546075211398 -66815308744059436576850103139 150232391760978737346980742250 -92791344930241375 -107518833668755828598363057500 -41660 -180107228317216057304712290029 -1857464293624 -18405933383101910161 122823430904013244093753 1150366273541878473377049 -94005087214246486264668558 5761919564724 82285973485019445068307040506 -57470343495171488 -11328512266 113215323373712958 -259518634529349 1204172244215952481975 -928574583697007772507170858 2186784 1328065836942641 307067340270434989084959791051 -320649659164549137847527106895 2185917498567 193671548587081025273549509089
-2246224063303026897734752161597303091733 8147261377993375563744549210346 2626640537742034651276285623913733285246 9142816523730319795015623220170909039738 13822732385391442468092656210289944176868 1866101783279479981535738991231451625082 -4195878750562980246608289855416599663214 2591593116938493236825763215 3002920902662656435969934985757232991531 1163537822618095 5030260673219801914652401877527522710980 51877593561459326550312 514064003516014829029495944594 -3430366898646732946306417397009853 -32128872781298538797797188450214418 2625492034465010430810894194463736972 -160926119731504594828654 -2298185920946377603971694271085504511039 1605103867630619941658008429 316396905717347907077 -3162019615168401484035507011 7248162072326394390429095 -33631633446681233090155607681679 25934396160356766573773868781230654744 -61075248465308273 -37091889167564027367606957 -8576161990967269819591864364741854802965 8955506036303743772585596901499919577621 -61051046816247113140965 -5409102030393348538188035410971114597111
-8984871782331140801020665187627217204400 32588956753836394138443149425346 10506533535742706858312873401656354278694 36571166490977706244536314760790283480865 55290778953543691028745195693361883244672 7464386803376396546294245682747156622601 -16783469291384900389354609229859683871488 10366344234343194817619094697 12011650896140456314791990298990927306183 4654138614526292 20120987892063840523006665803343525049166 207509809079415298054395 2056250413732709978764763933199 -13721430223381885676689781217112968 -128515141105873165383142694923602307 10501939535146668520023394432017969638 -643702725759900745307831 -9192718646820129351674714461827001779277 6420397984152208064942990899 1265584175968815446271 -12648044012905512997580279180 28992569326162853908883914 -134526167395984027266526615213722 103737302106157431420672925163763555885 -244300328493320034 -148367152582694462520718433 -34304554533190162828666043556785867459370 35821926581874882694052048649508594603891 -244203522160859285130595 -21636349193573251399172318282509485794061
