0 0 0 0 0 0 0 0 0 0 0 0 0 0 0 0 0 0 0 0 0 0 0 0 1 0 0 0 0 0 0 0 0 0 0 0 0 0 0 0
0 0 0 0 0 0 0 0 0 0 0 0 0 0 0 0 0 0 0 0 0 0 0 0 -1 0 0 0 0 0 0 0 0 1 0 0 0 0 0 0
0 0 0 0 0 1 0 0 0 0 0 0 0 0 0 0 0 0 0 0 0 0 0 0 1 0 0 0 0 0 0 0 0 0 0 0 0 0 0 0
0 0 2 0 0 1 0 0 0 0 0 0 0 0 0 0 0 0 0 0 0 1 0 0 -1 0 0 0 0 0 0 0 0 2 0 0 0 0 0 0
-1 0 -7 0 -2 -2 2 0 0 0 0 0 0 0 0 0 0 0 0 0 0 -4 0 0 -2 0 0 0 0 1 0 0 0 -8 0 0 0 0 0 0
1 0 13 0 4 6 -2 0 0 0 0 -2 0 0 0 0 0 0 0 0 1 7 0 0 4 0 0 0 0 1 0 0 0 14 0 0 0 0 0 0
2 0 2 0 2 -4 -3 0 0 0 -4 -2 0 0 0 0 0 0 0 0 -1 2 0 0 -6 0 0 0 0 -4 0 0 0 4 0 0 1 0 0 0
-2 0 4 0 2 7 5 0 0 0 2 -4 0 0 0 0 0 0 1 0 5 1 0 0 1 0 0 0 0 8 0 0 1 2 0 0 1 0 0 0
366 0 1986 0 499 187 -404 0 0 0 -430 -401 0 11 0 1 0 0 -31 0 165 1125 0 0 -151 0 0 0 0 -313 0 0 -548 2250 0 0 143 -103 -104 0
2806929 0 42740227 0 10617265 19165170 -6712604 449 0 0 -9074076 -14434983 -392 998795 0 46 -315 0 3180261 0 7263823 22684045 1 0 -1631785 0 0 0 962 553490 0 0 -5618819 45367775 0 0 632549 -88399 2268 0
-237972616 0 -3621013622 0 -899714010 -1623107765 568952311 -6837 0 0 768963745 1222461065 168947 -84695438 0 14116 -148 0 -269018672 0 -615130823 -1922061058 -1 0 138686631 0 0 0 -478751 -46494578 0 1 476450320 -3844122263 0 0 -53935025 7612288 360454 0
-139644745992 0 -2124847317227 0 -527961293300 -952455967460 333866981931 -4018599 0 0 451235697207 717352435889 99158270 -49700159550 0 8288409 -92741 0 -157862814468 0 -360964942058 -1127884845425 3375 6756 81382768632 0 0 0 -281005007 -27283453712 1 -556 279585895342 -2255769784147 0 4136 -31649656402 4466989703 211588999 -2820
753752117152833303404 0 11469163029739439684065 -2736437 2849745271834470876957 5141015680891514887307 -1802093923079106540467 21653971624582013 0 0 -2435608181363713553949 -3872011285074131926403 -535079570482470165 268263480573127288798 0 -44706217369784582 468182060314583 -507 852087197003956946392 16789 1948359382916636757060 6087917290918274370457 -149105039834 -5716409315 -439274571200160024072 0 -6 0 1516273781723346686 147266518967646592257 3304202 149933605878 -1509103991906846409717 12175835050168542677657 0 1858436785 170833186187896701834 -24111061125988636907 -1141557193857075514 -829150598
-7312834551746567120200064834 -3428 -111272777581458999704223214292 326583181318177 -27647969688319617129416015236 -49877667003190284610986101203 17483751496400636226874293032 -210084864676778610691146 8059065 0 23630049266691962007661009915 37565901661679532613368581480 5191293372758655161693189 -2602667913048827312251395245 0 433735658471002553217543 -4542259549977456867750 920546858658 -8266872561354300154313954889 -721516153283 -18902805697493583973136363243 -59064420384479183680628421539 1446188231767319114 54768820512267526 4261801975574010808644337561 0 14133768628 0 -14710750453134515583833272 -1428766385812321318303145681 -345563015571886 -1454251480770682658 14641189806380005715935333943 -118128845312672168620413399642 0 -18102964209646163 -1657408049821529675096454663 233923324217826932690529526 11075284166381204451119082 8082950353773680
-59797460023721207885185973544205578228819 -84974643051347 -909883769702754028520043690717991955991537 2670488169479813952709234217 -226079005408304479097161776273646115619872 -407852492435700965089715769569432512459514 142965620755223272495008388038374660075830 -1717875771454198935734583313457504709 43495614033454800654 0 193224243812010779098418216737272240903790 307178493780201288659324719239218140122338 42449498307712107079237411055242087710 -21282162119801880555168142220321913881232 -70200353 3546680909400262225257809928333916379 -37142312182117523134080768076004602 7527285026708158161267928 -67598682564302767595175121947618019966260 -5899854218120601588526739 -154569306885532697061303963339891318220981 -482973092276730516014559284208034301471403 11825562628300793995002321674499 447847731741636278720282109058 34848994799497668181125197588653885042375 425698635142 115650840728588938652620 0 -120290635035651694832455939665569548558 -11683103211796798008473070259781897631078 -2825687304208833525646866224 -11891496269655302352355023380543 119721833709149159588049936732948339192525 -965946221707664708788648718362386734183045 -484761148253 -148028957979307764901408095975 -13552718976600655546762260235839042015930 1912804197818291976992898194571914426428 90563222441885794091606214389087918101 66094740343455575643029882927
-2433270965687863083375485398664935968277371809753 -3457777834572275663663 -37024879620138692297003171743641067066681590134556 108667179583053258620678859184092473 -9199579373327755490654886207021820208595957945055 -16596283984863839672419937217821557195281283248302 5817539640266122784758791860991883939626520774914 -69903591819450922985608544565218769416246378 1769918232652121978516767267 1 7862657413011302489346479882303314760680248605645 12499669884014912432964360921609740277045252016048 1727349818858478677605776878118699970687803315 -866011150852112290783931181851081536064430301455 -2856287406610121 144321107919627581155007384231367663182428636 -1511390446942214262170338740559262200764798 306299366205189334241346533412876 -2750717363868264131245284033672410043613172753669 -240076149807182985242260784953674 -6289715424064235558400265529767586824929072870774 -19653082291108328339974835261612329363696208470009 481204355251093085567075609200544446267 18223765395115455286181946327832612994 1418071055114826805207298153165016695843436446201 17322410096747323086 4706049935743658467976863174055 0 -4894851881004555995675593512811591338344036459 -475407414012610759298072408554922520845127742398 -114982523885072017107755713222456719 -483887318960694774932025000778545257991 4871706286651981154066689197425065601162968751379 -39306166094090990874892561486280824729897228445916 -19725763005219920601 -6023576342359555137772122077071733769 -551485591174063250367894391328626615350816757181 77835595621465514794609584111930490082484236155 3685187625687698077368447931567998173176420979 2689519130053518485100379042096340582
-614784634087991356412325367256873971013104128235777853746 -873634178244626393390103196651 -9354620751406613721690435065934193007055683448313820808928 27455599141814339469196233653349734801067096 -2324344521653348294218570176621990774204284464337398696209 -4193178861183910034235263145694858042398781122434003851192 1469846157483879010894297107715641411837207864981815385844 -17661680398183119607753977797911149418139358967340574 447183461427239272800441990632669421 -5260116813 1986560900442464459876099293884325123334469761642052306286 3158137784170875069188362529991283726107252555570908184726 436428224108063978506213488865186906491684214081562379 -218804381427462059156004084075770661511292557772775837313 -721655555983292361122201 36463838501627633385264518755993007331633137074980325 -381864426933966422301363777086608603663406701955701 77388891919239265093580858443416594217532 -694989909414867422334817704139404439422932135335037001632 -60657086692660641490267239552470366058897 -1589145002767010890765208642663376728790239337552456438796 -4965502476056804720731909336424244723392230356255007281350 121579983337762254696074968309298724324629931227 4604374563345958931358100479164652584196205848 358286564473549504615316731245702813618119699661461003711 4376640183093950318344208429 1189019730454925938099866940550387473032 -2976017216 -1236721994801596936804130636851608803944519632979396378 -120115341524998721654860169608070731727997956699766376765 -29051219477816957773869525929440873684682571 -122257854765045961164795967229052458328314651092 1230874082277487958230900914703723935656198640365298234993 -9931005334100294213461245793248539510748350144130041989063 -4983865829522820346539221076 -1521902915769900547165670524599643279016634028 -139337078424761969937756884567647369412607746416430554790 19665762197444453898070673319814135965564254086361026760 931091012037593595406363610634668867015316494710840662 679527704706402550784788598259684694299445602
101478387465962143890592114880261841641584505129300273628659806495049589458578 144204950364336610039310918298517115584497588075822 1544104677594304377480456918065964123353613766166765324564338958021050306635981 -4531912109280864308472476963430694852278919767289025188798536694 383664003448345454949099965397802063260708209349836836830462721635584053232602 692139987884603466097851177048409635396594815873692674434619796775916258035901 -242617673920517065235199573168737369935858809149372056503554069484799514779567 2915295450423203600182012113977509638302527593240801355119588123083244141 -73813582921443944844864613924219250120018226526163796786 970941869058489968509078225668 -327908320413515666919508588243826015920463306116031301967249336800042420158388 -521292680335790463141813867090812145441399390939405120503495366123793125472747 -72038287835250499333601260618224314880529572790588269914421246266572831616 36116575734988554449711299793151885702256764584859876673583120271187109137933 119118855721172180248179156839785783331002448 -6018841927390838802324760711823546330515281666369175777710108213406878003 63031806794192551208210511022684063074949469918223234470569344051400143 -12774066761431160655079269986887505437603066523154443717350288 114717335798672082669085936858404811406888202338011632267915246801355097103435 10012259585969548634758958345352388563862410153902948146379367 262309536362464196761629689522731592023231721967659561759927739778486136699564 819622281184677700328026989226478231117657925917634034726846022888764328290367 -20068394642877190422170542745846653795303851855142795372541017069907 -760013312093885020411702091832105998488339935839491639611775339002 -59139966742063168921830000679848075177280419203362732320403771106041187461777 -722422721182621907508251481080841554577406958398 -196263533962218952541705053450669150153624943331269329572144 551214292967074958521608880358 204137427673886437945483367478603898787009144611457224820161571648948224154 19826636015329589232469230607460228225118083794958690670127868869412593500009 4795290485589253605907448632513004812147382116244508435594868040 20180286345330110292474990975990246869288524254363044510209419548083 -203172151868207066187805947934050578553400449817597646969702097936422829871750 1639244625421342478431759053869778562492592464270740215936699249292268823186929 822653397115156983592774660166266500242867450683 251210334821041050932606659611016067111607474171344994764669173724 22999439557787316901395937362663509014621464106416614245007578951181546567460 -3246095828413484783761463431521964799422819973503818222732940825070027050546 -153688965609544569391556325375572950896286504408704763289382065724754993058 -112165093088814361715772726689633022642522746345162608867421197136
-153856329030540040634573286318134057527856602616077514666900228166549035671672887440958783728113876632 -218636153422618922825315062025603804626778398281010015687272132880428108807 -2341092357357678818301219908495342091437762317978256861006961100593382861599398579064550663003371099244 6871052822522246914020035901252032256329379035885686058030543697783202154134482651194551 -581691694416433501884558067271480450035262793204339174691796488567598992426588935139801001938496686845 -1049387168739614016057538389734758500084321565836055947651329959752654853395430722918520483210925398209 367844479987031569057777150677251764010592685472641153915943203956121436856718077080303175716574347152 -4420021516325305230480401356468120999776371985778149532869645988040851788019246316216417726268213 111912370549778273926059145583988126142406153050449312904893777806713925905875589 -1472092288867887486316800582241138254619650686945393905 497157785979953624203215070377085980607337919650307342534565646478797527092468033823408842441494549197 790357239110225057449130970033368470767676818929846511986509018271423205345648140782449238494723832071 109220759146322573805198628985005916637198806564307834617281412219426142541261195212823932188446575 -54758100700039857133419798824370999464973664361537087415803036059593685753408205821383367919182408387 -180601902702931651345635498258823697036628737178675411209451119862043 9125459588861379609622926268428977683646773429904185231609640207518824449947848342998238653508201 -95565594287449298858550037068479325393501408103186749122272952645037229438763614232450708517747 19367385191886912402303545265354710361784065765223772147295010070272232085732168887673 -173928543829764702944534783553399569606194077822140738288165254228878511826429773218243257388682718771 -15180074729851286538378607155803818371509240448424716708073833315485132406730401275052 -397700272365567133715790141462108179342210353976460442839620428640453946829380468404323067047954140212 -1242669286768173944108144858947680088343933778070243879293111259180033292363364981161924511685634423167 30426671199568467327414112381946602724983285267033053280680086217025076008093461289730768149 1152293223543080845284456161706687902311962258722474163850655801437763997714005797883730626 89664985906226288155966117940957412099317332386557508290538030906469722190684465102840439581097775117 1095300296594614675332052004233107133925901166025892024237459676433854280 297564709215705598298998055814809398123324766652389323553992703840031750665050187694 -835722854322305744955658264827514367500617630248991820 -309502703225121214300193505087718162316439534265134128615683865319395104648905403342446391817129343 -30060129161655105575808796047332264660087975156175624404654649526668165400583343138656949038482015155 -7270373615222317746386974192402449175847504933866900151292551150677372360088858935992644 -30596315662968696834911528988607337646900644524830023776146642461065542519416872566339766995 308039201531091640642760318821415478841756889335617700217905951783234359910202496342553974067477178695 -2485338669132538487140687249831701036127090634716507282243941450516342850786041447132211888460699384500 -1247264909359102059494618722022648695162385572204794010074981900308995399 -380872231962321002742133111124162883163106326418564349059786957469658958407300537374030004 -34870571246590445146952816207781559283776028286661366852788606227656912774175629507683074646020358788 4921564091748778052060965679895141269919235080069925412782435809687440155232333768861694990443279719 233015331162182532479204437465778455011932823782196449275860828712983996618563595312757684877768138 170058964267659630604965560843510194555840646926073061939926533508904655640439150827722635
-307712658061749495663194669818904526201850853357832593115478166311748914277312351551361387973456401749 -437272306846189110958223402023997227774349137810588598543910988647360688116 -4682184714725543508913874889640769859749219234351266750275772199511424640117096455441633996268616252792 13742105645074389131604400273946658714475644714024091202107161272053682312099712251927508 -1163383388835397889535039318592393294787671159752488892815646920615804112850557265056113373871576450150 -2098774337483793816831961827311012398763131757441932539982503611188460430712610941289926453181628361288 735688959975663594796316378660605539967024002891072863323107209447621064528863874645458748287670227334 -8840043032669841558203758102822135776705414144784304456185498730130309241802531225848892308519700 223824741100043468034018610508490061897306840859991362603594486086917064109096727 -2944184577742179907508524420762792105298873491174374359 994315571962070335100003880478636879375584914634960789773167014718273531417690440559372384303991813548 1580714478223888884792449901552624023497622272285899119876429222484671266138261573161307012517968443478 218441518293120356844636141861158719374834253316590702968624386413118031374346801350508663247516447 -109516201400317961604666472380237093540738772954561200013004914115929296595682939837490803830834348508 -361203805406649084556882898553877868788541131247798924462488438736494 18250919177762463234281044727393944723264460479753884009592042862539304656116735656507597250360302 -191131188575314394615380941840971623489083894151957157546215283146655380734698967628323936916051 38734770383858090473131845147103768286224020641895932678877026706665110703241720066502 -347857087660286152598867633167865489142192923304205732744014811922130535087631184129877788358657880981 -30360149459768620151914396510825649021116035575027993169035543226980497111321668406501 -795400544732864623852507979545066860794467746917439972166023197207878584688195096757193652073451970584 -2485338573541754625221167666745255507791466607366925883834544242850975837163936028183298549112921380326 60853342399269318234966269106953198971269176984436072207955050522701986245206210391668491023 2304586447091175209836297852756236846858789206865381979421217565300792833375258671855657610 179329971812842700218995124693864830602862109204475543278733169434438745820473434591901536506869545158 2190600593193994899075180715377878785936687701402197418853405618023886200 595129418432705872616622490946881542039453036261308207106616095961249580803070727242 -1671445708648247641323763555372185811361988840210015865 -619005406451589045706366230764762701340327923601041517395792452214028844263888849229977118000579406 -60120258323440999941877644335279925923545056622507828972282427814534404808656470150126126909599396975 -14540747230476268203490523828551599592053558512667809949469267952693110752949935309543874 -61192631326070515357040520141401569821107986522398226550765012329692897042741344003576949560 616078403063523530833493825829707460486417717165090044601517414819155293935397389295416929204877560536 -4970677338275890448707060417313056872671970434586457735072416629097663011529952961870309373748129577409 -2494529818723630851115091984238087455743121945769859431523215669238421557 -761744463926299144686633349619527312703954854332340399639273153654350212798337337097427669 -69741142493332608864524289593626997507652125198061383184687354450394710538549017669980775405473442756 9843128183518969365864273594819227304835607581976359847673229143584294729491656821628866709879827472 466030662325378892713800638996009666947269608128564916178449905748856839650676997780218516875598264 340117928536059171743576347842907375113435311199972473801066132933360991547151233273662187
1 0 0 0 0 0 0 0 0 0 0 0 0 0 0 0 0 0 0 0 0 0 0 0 0 0 0 0 0 0 0 0 0 0 0 0 0 0 0 0
0 0 1 0 0 0 0 0 0 0 0 0 0 0 0 0 0 0 0 0 0 0 0 0 0 0 0 0 0 0 0 0 0 0 0 0 0 0 0 0
0 0 0 0 1 0 0 0 0 0 0 0 0 0 0 0 0 0 0 0 0 0 0 0 4 0 0 0 0 0 0 0 0 0 0 0 0 0 0 0
0 0 0 0 -1 -1 1 0 0 0 0 0 0 0 0 0 0 0 0 0 0 0 0 0 -5 0 0 0 0 0 0 0 0 0 0 0 0 0 0 0
-1 0 -9 0 -3 -3 2 0 0 0 0 1 0 0 0 0 0 0 0 0 0 -5 0 0 -3 0 0 0 0 0 0 0 0 -10 0 0 0 0 0 0
-1 0 -9 0 -3 -3 2 0 0 0 1 2 0 0 0 0 0 0 0 0 0 -5 0 0 -1 0 0 0 0 0 0 0 0 -10 0 0 0 0 0 0
-3 0 3 0 0 9 6 0 0 0 4 -2 0 0 0 0 0 0 1 0 5 0 0 0 5 0 0 0 0 9 0 0 0 0 0 0 0 0 0 0
-7 0 69 0 24 57 19 0 0 0 -1 -39 0 1 0 0 0 0 9 0 35 31 0 0 0 0 0 0 0 43 0 0 0 62 0 0 7 0 0 0
-31 0 -471 0 -117 -211 74 0 0 0 100 159 0 -11 0 0 0 0 -35 0 -80 -250 0 0 18 0 0 0 0 -6 0 0 62 -500 0 0 -7 1 0 0
33953 0 516634 0 128368 231580 -81176 1 0 0 -109713 -174417 -24 12084 0 -2 0 0 38383 0 87765 274233 0 0 -19787 0 0 0 68 6634 0 0 -67978 548466 0 0 7695 -1086 -51 0
187242935 0 2849080168 0 707919445 1277082140 -447668382 5578 0 0 -605040516 -961841624 -138524 66642492 0 -11735 196 0 211656178 0 483989834 1512319990 448 1 -109135147 0 0 0 392518 36576233 0 -448 -374890450 3024639728 0 0 42448254 -5992887 -302652 0
1721577903311 0 26195691119058 0 6508848702906 11742134841491 -4116001808896 49457910 0 0 -5562955155567 -8843715218759 -1222127493 612716660989 0 -102109485 1069339 0 1946176278119 0 4450073684628 13904868253961 -344 -20 -1003307822432 0 0 0 3463185640 336358305532 0 343 -3446809670129 27809737577604 0 0 390184825807 -55069921710 -2607328949 1
-518784499309421697 0 -7893873681386466507 23069 -1961392399921211751 -3538403654543512436 1240326059878414975 -14903765504843 0 0 1676354523096640534 2664986790930036809 368278882025744 -184637538369749337 0 30769920312149 -322235356252 65 -586465523354781645 -51 -1340996096647003525 -4190127034782276605 102595107 3885619 302339234999650766 0 1 0 -1043604809366121 -101359035111322769 -24411 -103167119 1038670062784744932 -8380254391903076567 0 -1284230 -117579250452577168 16594904995103339 785698857305387 573405
-589335311291197178834746 0 -8967381464762272341465732 26319060616 -2228127097302352050912418 -4019600088283594347195343 1409001127778596932747003 -16930566149932661899 428 0 1904326200992226676867234 3027405063394035432620369 418362055669364705150 -209746862707006571359706 0 34954399350119374041 -366056954647233234 74185337 -666220448428823581135136 -58146155 -1523361536649115595004269 -4759952974077280951747689 116547118054514 4413774135141 343455109802324376876392 0 1139802 0 -1185527258449262605452 -115143105834932085215319 -27848629435 -117196928649094 1179921423240137664097622 -9519906314328713463336384 0 -1458902970063 -133569149153636977839212 18851687963220628445738 892548025754779241550 651398309554
-2555421670610599620539193308273228 -3631359 -38883536222323111075860155845958417 114122294436767541476 -9661400157486490850270774575640965 -17429420867864437540028715936125861 6109581331469052718127496358297221 -73412766563153722080825843678 1858768493401 0 8257364438701639546196171939243423 13127155893244590453458330717996844 1814063136444988220803154099929 -909485089447204896608966601861943 -3 151566057338004136916631858036 -1587262559465157912835430717 321675657636330674 -2888803943529044072982354948131666 -252128022100737379 -6605460437113230620316974950421928 -20639671080279531202019744005546422 505360913248404146703364 19138602180968708068886 1489258514898549512948720342192238 18192 4942294614268470 0 -5140574456167107170275387349156 -499272964362741793317084649006334 -120754670326800709438 -508178562290232007390068 5116266948198708005863901094368918 -41279343748329800361930703483157482 -20716 -6325961118552016437362 -579170281727053365327214611408773 81742958593905925833509095999538 3870184805450226227343062021227 2824533545739997930294
57046980494115165414626882364663884503808 81066098860281 868032214772236341928441831901690617964914 -2547654807639769501352204210 215680141038437237046287565926473737625138 389092666665539606088842564008053124295327 -136389689048948903553817593192535218231851 1638859335941443090965711987252378581 -41494963905814574379 0 -184336586593498208399985989834967666100613 -293049329117647062593107294865432932928481 -40496965941101684730121272932316499433 20303255135574601402516822057465602607390 66963656 -3383545665269822585530594617362590972 35433892304440016383526004863737559 -7181055548545408642652320 64489373363749849610184683078784069134101 5628481015175806276789315 147459645131916369048476983531774620445189 460757974726073547109999989271177799788972 -11281627017619123679382051400158 -427248261161326939105317925009 -33246059711864477569350010202794480950529 -406116374982 -110331295887060234011867 0 114757675456137399057234656198915936676 11145720249149649985907944488617731983931 2695715310679158752163705220 11344527935998675879675556980555 -114215037053684436653501925312248017829628 921515984897383925043233029921961770132756 462461943690 141220130003178253305354822301 12929340055474973027781407656053675939495 -1824821718492971663322794086802155525183 -86397622609338519202656161124025981617 -63054607363606839873334047601
-124127928089748009889066706439166146549443932648632394 -176390876481103161821046489 -1888742215654127186605780307577189059469581288875650020 5543415444974027861160651780222047897072 -469296162659609588139299354252830026644186689744609877 -846622663106430797507605383895308171389304201589805372 296768897631618855097591336003795819344504022534657753 -3565976884998090445888352273506268229647541582201 90288457884619730970178676950400 -1187652 401096050427204233649546203835386907267686304854182793 637642969643531187482954358631524631125044015444888702 88116924553239023541061898218221267022652556228251 -44177640457524114018141896462854443826784928107364848 -145705673161689108435 7362221617852615086230217100040075293474708682614 -77100235591945622500949731773408592470063321603 15625183647192020167297491460902638373 -140321752880053351206591675781173436040167633451762397 -12246952961486290252129926422120478399 -320855899269943991895470027149975298222144607936780093 -1002558457225897853322805790395727503905620318019535106 24547574210747986956853861575109417339482900 929645022024853270319021390742650703198863 72339753540636384721748995295816917705656472972029038 883664372528925031180186 240068712547029334125782947078161303 -674243 -249700025547110360490957173715731315974650909263102 -24251856094953425051559213113888441313000159323338124 -5865578744679278751834981627845747407671 -24684439661044722556566841376262376824161046 248519304323743149908484108400934620124046170253741848 -2005116991576715734873596676657395039652009231904211841 -1006266105225097904566171 -307279403572773918911120230265907484570291 -28132815773123223659451574954943104570291238329469676 3970610487842951805169887601130177754924857556443226 187991683231743676368521570191144746500833508809651 137199860549402499047157033683117268804273
-950842002076222515188104219904975689860886842366636800122218201750861767626 -1351185480353829751861419621259700615753976408180 -14468101235363949869094053136201486180956604834730247201422427912891230669982 42463548060097640768125720357035197029706268744763305771630406 -3594892058033203867193502401579043318072882298365845992759236822387941784439 -6485280149115039771047065920488774076517580058374490504062433492629856613279 2273302528452562461887092341765865243162300297983377363760145704028600590742 -27316017054901276079058973196303866507994187884419593851385311004625308 691625642839333452208518413085498661300299708086748705 -9097624959648356044560045263 3072467070724974749715709586740442016647340169346754981845643859500798761156 4884458535611041043375956474152578841260595170441959932843506392289536136857 674991311370492831077335187762969932748091211588125759308642136233530007 -338408581743701213365583682343144762205944627960728916656352907908621536535 -1116131366365461485982170950985117267981049 56395926771503060334814933524941515696753621427743117732821023325105404 -590601514896701522745999857668230338142948968126156084800048804272496 119691685268142253845389591416324856291106410361417911097993 -1074889579618582456696954814169607428032153233687228346635321814570070900014 -93813837485576505092523365543001460689569268515356177111716 -2457813244246020766470746558212077097871015164729634503855721431654595712907 -7679776061176796493771405358519104551790716237013786139563508585781141513688 188038783599015340638427188247752497647004031598362195859272838693 7121246181787452267564488368001117017606719695006177231762406057 554135375856323479222096453799624094219015857111272750356025241118706056811 6769026230191527627553655819141339277880910374 1838969028058171741860854711994477640041179760291435718726 -5164820953364502827571817410 -1912746598316159147141654525372637991757783515915298414956125375820119831 -185773530246288728936553802905628183823817958752503111304271768387832488248 -44931376224165119581859328776097579488877334555622070268557951 -189087197286232602160681247914642331838780632928363923634005181792 1903702063784747036095958827569485015636191010690281251558132598150889762175 -15359552713144195055649260157136591031046488334279017003343292298986303418130 -7708177304158990817868069726403980378452957830 -2353814872980669702787201506628303991466336825518133768225359682 -215502371508345074328070985415308526581229471325691388952047777010025938429 30415582406206771482231915766660120278473775547204203432356652079237825052 1440049722964106750755749146990490760244030897972280515670125672659199341 1050975329218815819695621436839233690722421591542218589219918645
67269259683860322414567097763530092323540292099353112212252001432058942731442797269351768647936716 95592376820241720939958480539686852546419123236042212173799790521818535 1023575375308313724406848215539361775926999393976734168190795813079004152552429600228279568977133889 -3004170446105099595620247001537877011874071083143519209695655088129139175093156346103 254327981787974428310541747035460784379356783011060914797505568793832858750370827213104428440486094 458814391371861187471613373215698790088823781968987834705463271602545401337232233029681731528852267 -160829430959648404101278271508978061509290413058168829558961449463027605035483726779656583791505843 1932527423885939453188721098362981402132265781626772244922179024259446514877885863665147373180 -48930468858743525594193421615939259200264668211236830645297810543190500319150 643630061125439689703577796295226977133795661730885 -217367958924199515168978615515992225973197825245976004678506496165927522324331969508427342465055692 -345560996390152844651338184843963761303390499139155679174250789481219149682205757481386020010937010 -47753639100695933024844588437793917318555483630823007626474811632166764321487896682061935649072 23941406369150945594229675387367382962656424617291483373099062210387520867925454141595676791900807 78962993390484779459448963857124955366467849740263243698932272890 -3989845037156965880269151545995947530892963854000170519414376198560117904191759660366385592988 41783310569491109155475443582892575004144210506138609735070400346105415310105839626664236194 -8467832763719351019099160767083602315036476795764860849015584502181239003764555359 76045258944126363977739003281213873094374393640958303420007231847310891900440566078145365184353529 6637051562695715951004147636239252002457111201830545120866950227620721141934437513 173883018441125813129460345179618528382979696326215048104679581644191395347705567262016814613588710 543321444619757735873858216829421928010306702871594059714968119698558583459235857620117707970685449 -13303187845024725606597283866815463709039041924866015335239548704124611916941669836578055 -503807107415683425510622414079931981137399981090205661155580739679498028337363934454512 -39203439075153921288032437412204940118666857990127190811087138459506017919437349950975713406274128 -478888587474403406889912172511642829379906339639494466345976627631963 -130101620278554650639322822756773287117707988522763104891517538686836938038036560 365395808319233669008911997361933085259682111524055 135321165188951822731174727583649203409168921012245684512679453207810108010096998202391991971956 13142927869443539334506971720185706882431245561309753175873116787355622265204347394292568787587900 3178761990506071149563208480267911612892718236886993209348008245855122366548674347115 13377360012879672644985083079154869366983735134630735627999285361158920801400390870673913 -134681291118617653350038873802843047095568241303544081530715586127416683664060825650784501591207472 1086642931036203399420679408603619230369973249021514797688785798308578308383522500022817115031573321 545330748568617676284869670471445266260081987077769430535573407189621 166525441232639597043640837113385707043516665850155646476034116451522965245980730936883 15246155470444296181021881718608134058075835313675261351696069280295507727832562539623485093845009 -2151812506022383251539645593578296990477084996443216776675022443711899611518132844841662790738712 -101879259183144624251715543129951063259441327430115612291769514094464468163050047495607373634464 -74353396450910793534203345185460719889690726415395648525609626120375801930385031927325
-61843912789730281433622995777559873804564062698521741040578835988453182268780331792671102266966072104461691582 -87882736382372623140891666126502879427921074801925618892567761516070680964362089469 -941022787254942846326736797773453888520140782413405550908431112028295591401811423369661437778243174397267170877 2761880477762783443572219064529944146581344699902424892979085727810283356420887373894519020285515 -233816123435907511303876749910633977860775846596275295938823116329528191752617843595814006501362622313978759963 -421810457555584572089729817835659122222516565866379817867247385268758359592577595636023189913708236103994619166 147858343454860842186882624579270675540360313374905534495409914915887168199365891048528240712471734007401518322 -1776666757271285870313865303635062834923556931291398296379437432507902199504504218229931726928634268917302 44984167554125438527523624648688727427245510701868395679654478954533166647066086652751965 -591720520727547725165405916363315011654876946933568118124875025 199836970975543129748580299645361930186754127196805426086461309056254869469805871839875297035741316879757264531 317691085418803037805265462315426863050145162937695615875821900030771711403089593076921278070920204886792366312 43902250534864462558166916771060516548656371324045136266977836759830668764131801044862934442884444995340280 -22010503081432106307245859177888147419150233551261262109232680610266206993465978527063836176207864726482809215 -72594532774809794506910538755131977682128718401084378597105749108099670478156 3668059224705201645141600097387662137123760754685524935565061383086370038909899252691063660786466342306241 -38413436197601028896772351924696348839813468623722047538594620885830142448053255541317617010100632985149 7784891842404591426194814327401310995942017116544555995207801397739039862540914186134715968050 -69912117129205846576862415839558749391690419556719428438342461151688249697353129399999990368091347695904907927 -6101765352455297854848337786143563735966954031854877139331651016831478318471006041516899424423 -159859143368395387458000102507497057140064145427908760073669588107219806484427618659707311897017412295153840378 -499501915076320783560282315143829723395151941152686646124783344371092846769173162171309411782684776785566712361 12230269706840577270476073221080069915814914906456303436033418087960037643100227741099638128656894095 463174456806714171606277910918527293248538202783482807732457368874083998959471603478320762721256120 36041634449606167261684295896263231686233789164666671339695867360540339320511389638786573192458953695957570694 440265645540765049933813107239606041356136359802869169412228009577969673479655986 119608767751014590796435376993722553223983552772543909830807863038784137121748358038414256451 -335926195852716214235410650807988713299145842227850669588176795 -124407350071642252445324122358571686434394640248124293940294557605258579862485035784442428454604433714247062 -12082934891501363351614984420313743357617390583818774798609182153092385168383855932971013962960495782709856261 -2922391003618155613345568179071714439644655455287424309757506906713003926912968099024064616404868 -12298459799935167198279489524212382281448889739009186728713381835918106800565019383361110431502348567 123819082616520391508495474361240955432070568629816494930941610750847303804039371402981423407686643100511265598 -999003868578376222838177283647994906163507494547757459557722271981694517704288130204030285618454441967682275300 -501349166239264217384215268859148390905647110981165846073607217165608931568180675 -153094963632156958176985692779439053597872171859972543541563106897439361669034186816566407326631981 -14016534650804974660734058755910019832600845078339670004582197806119701305051248862807483258676259641639590907 1978266233160699031645512862426146793301645362354792910695413014936943526783110872293480678028964233047382625 93662574103166587996460618735060539238546606087624496583109233413960804327625678101776167038514904614219602 68356705385797836060208177842885444761994317876184066526414080757332825457158063557082856864758560
