0 0 0 0 0 0 0 0 0 0 0 1 0 0 0 0 0 0 0 0 0 0 0 0 0 0 0 0 0 0 0 0 0 0 0 0 0 0 0 0
2 0 0 0 0 0 0 0 0 0 0 0 1 0 0 0 0 0 0 0 0 0 0 0 0 0 0 0 0 0 0 0 0 0 0 0 0 0 0 0
1 0 0 0 0 0 1 0 0 0 0 0 0 0 0 0 0 0 0 0 0 0 0 0 0 0 0 0 0 0 0 0 0 0 0 0 0 0 0 0
2 0 -2 0 -1 0 3 0 0 0 0 1 1 0 0 0 0 0 0 0 0 0 0 0 0 0 0 0 0 0 1 0 0 0 0 0 0 0 0 0
0 0 0 1 -1 -2 0 0 0 0 0 0 2 0 0 0 0 0 0 0 0 0 0 0 0 0 0 0 0 0 2 0 0 0 0 0 0 0 0 0
2 0 0 0 0 -2 4 0 0 2 0 0 0 1 0 0 0 0 0 0 0 0 0 0 0 0 0 0 0 0 2 0 0 0 0 0 0 0 0 0
-5 0 0 0 0 11 -10 0 0 -5 0 0 -2 -3 0 0 0 0 0 0 0 0 0 0 0 0 0 0 1 0 -9 0 0 0 0 0 0 0 0 0
10 -7 4 0 8 -15 14 0 0 10 0 6 -10 3 0 0 0 0 3 0 0 0 0 0 0 0 0 0 -6 0 2 0 0 0 0 0 0 1 0 0
-645 -343 40 0 405 -449 -286 -385 0 2935 0 219 -177 -896 0 0 0 0 -363 1 0 0 0 0 0 1226 0 0 256 0 67 0 0 0 -376 0 0 387 0 0
-10188050 -15442426 -9994715 238 16625944 -14720832 -12586967 24596 0 11233924 0 3314749 27844016 14806387 -664 -14 -252 0 -9970592 251 0 1 0 0 0 11104621 0 0 18063590 0 38770856 0 0 0 261980 0 0 37799393 0 0
295528533386 447882694985 289882109679 176011 -482259711354 426982483239 365167919672 -702411544 0 -325863844059 0 -96189446619 -807631678231 -429437224677 3600994 -16042 -188658 0 289154771515 189167 0 4 0 1 -5 -322078040827 0 1441 -523941409042 0 -1124584073706 -514 0 0 -7585498819 0 0 -1096400568337 0 0
14214370959998 21542514904748 13942950158756 42542421 -23195789171493 20537096216829 17563713998219 -33844854009 0 -15673598557461 0 -4626401174931 -38845802540180 -20655326551002 209798328 140976674 24113304 0 13908055050179 -49178113 0 -183782 0 1262 183739 -15491459816474 0 -24537416 -25200736167753 0 -54090637923222 25247320 9 -1228 -364876222423 0 0 -52735035972146 0 1028
5589358954856486 8470925020083677 5482632469437281 17001825580 -9121022094660555 8075574151532645 6906382400071430 -13308918006522 0 -6163156037867100 1 -1819187208069063 -15274904578556172 -8122065848732540 82790335519 56571381951 9747724602 0 5468911764040563 -19804935474 0 -73672591 0 384422 73657427 -6091535257228363 0 -9845843639 -9909406180283127 0 -21269461727971879 10130499092 169 -369427 -143476441355744 0 0 -20736413229510341 0 324434
-7562945466902606171110772 -11461984192158496441705811 -7418534168133126770038546 -23005239540866030252 12341628666439157298178668 -10927036072641959218507770 -9345006088114560682059076 18008258744598496883242 1 8339348644073913897431286 -1323698181 2461536959296720832883022 20668429291658954784061066 10989943854477098236763996 -112023491242890571174 -76547065987956262611 -13189733172221294085 0 -7399968721576220360560911 26798203384025847318 0 99686763551743510 0 -520096607425203 -99666260222934033 8242438772371942097941418 -1239522 13322468050581301213 13408388897320534132287846 0 28779647265983855236490655 -13707636943473031962 -226606882687 499819883619281 194137558719087369454498 3118688 -35 28058380881379912438051198 0 -438948505037962
98457213335401331548317815789710 149216337443253185805755531686276 96577213788494157474009562009718 299490690781211948876642351 -160667873626167730906665856011973 142252185532197230530568431471490 121656735734076196591862321083504 -234438153858004282874765644409 -126253953 -108564716236685219837655309577951 17230267663574004 -32045195961695493373963699513440 -269069235125641712762131346408345 -143071142236781821192378172568223 1458363121609018314531517833 996517927630847384854123624 171708808927806256411063909 150255 96335521958193533311106132720232 -348868891539450887770618292 0 -1297759042843152677834387 0 6770810517712659334675 1297492122684014782023330 -107303107786088576167567460920999 20471578712674 -173436801027793383961033862 -174555351737597891500883761189405 0 -374664062167956742798935071309477 178451071686657697246168400 2950090544067914674 -6506840421227289905814 -2527354338181556948915341352736 -48362927033846 -67109386 -365274350366996837192201107763408 1778 5714394224211466462598
676022120192153607517655388667542227955515 1024541944550706744684867717925025146876855 663113758919211679168070489144110853700487 2056348386278086191961043406740206362 -1103169924234217831694814676794471342903305 976725024075673328247438704360507718242401 835313550328115122174429426590516508453035 -1609687827392908876035780933778381101616 304178449815343112 -745421764054686511994597930985837742686981 118305628456959927971918534 -220027162887507520342591965463499034344878 -1847470069952858400682648821384348503711465 -982348104691340006506881824427595081075183 10013341796721864803550949498121095481 6842242832441764513947413891570734902 1178978656155717462293406871159483561 152325056072663 661454266252114204157279119433389830877274 -2395386582028334132497971849989666862 0 -8910609897647094294955206206568036 336611823 46489409222170790902254073445308 8908777183457912136275471488047511 -736759369591831847982334636080189464496471 140558297048565970793961 -1190843311304331560401801595436972834 -1198523449679117870287852976757969640775083 -280450954 -2572500125549633389494766228590465470499445 1225272052147062324816608532792727421 20255767934085950659361563367 -44676950609410891263526286699667 -17353197193932839137732491495918256915512 -332070548870706041999534 119920006391543787 -2508028943960789510307097779568057875780964 661706658908482 39235895148876597292715052266709
477535296521938629068491667889374832404054696607669332290 723726231252786142713595597944343538513688008707860984705 468416958609660682590733332785934463629790743475009042534 1452584030999749865927065051639584326171633029233273 -779268253431607500284746698507176215185802937799680081929 689948834602924164190571508390241484560528106515890872084 590057177169510586510730533307432476817025346940049940138 -1137067458300530598278484748698017360251644050286792417 214868628898274524693336802839676 -526558514136462249549778117972252258104320059901389142093 83569918317688181755387136258801020515718 -155424997694604017068139168720825029471063020014752755812 -1305034467540171403118605268485598494823905814187540239089 -693920922777207427814513081377414970404778773819041405638 7073324971546689208902754482906873498990320869586888 4833292228568575131450216200575741687677442682892489 832818787054376459756452431013676384328679934106333 107600904112528534873198050529 467244709508354465533783167233751050820184402585318645634 -1692077237662629831767863463944979933390057875127380 -148800654542 -6294366134727575529627334902527486349951297042335 238884151007354190607657 32839655914999968577880906600979174027152703862 6293071523667330485739040930030315457763857443061 -520439484914114454576901380480593992043289013821121821586 99288981905839568280760782877223324296 -841199861349568938830799727619919491126502927905631 -846625034648766062294288875551210072898111785138779254537 -199028342901463455676593 -1817188481802768835188161483080729011160051942816516372799 865519981174253397483671398751734974732601378121213 14308472840997992800602485280892154558164131 -31559353192313874478456655262348101393893284180 -12258125762590355191967868542635933427991938805412852691 -234571330263721756209110701008591909338 84710298707507010964734384221201 -1771646680880045639476124282026215786235054773359657447165 467422995735889003564993874026 27715845775722219753258262134594948895932372259
333101983469666768320666453886643850943560480705895059860439700313864326 504831045736646395811573355044452115506470157856552489947776362534789197 326741539610022343272230567179848034427387095473590097078211604876998146 1013241587389449586069795327616941469692633923468975364794776707400 -543574061987868462723006776215671287526640644748094962630047294878257604 481269818111258077702448989151730080862462576394924060047630289779704232 411590970358034695358295649934894714916005661932734860165637927126552049 -793154827417701931460774306883644612697316207349721347160438637791073 149880369038091358321608874899665452194461480897 -367297845309405589477670901386631714001041421644713663515985750238767532 58293713056959521809276724789997549791314470819887485422 -108415807983028305159290419101901498234483698006284997517959154117330988 -910319242996397840613580033607534614881299697722361439186542811985598951 -484040525238054467332749015586116664007620393906546639661467635940379792 4933956913569177776310610570454258173304917216208624888950287544047 3371435032657850259036817902182589997978385415886455714184412396713 580927926917900766277243383266859603407235261682776907859314378657 75056388174999995440219676678676334825035615 325923844031057540784634833523792662660888813830728779104596831143719842 -1180298688190062605788073426676797664066607731577371299215105851892 2613930153587110340604959 -4390598683349329045718145571530480081045392938481935139434293046 166632266633356572915139401370601806771 22907112000767703275678758449176736786363160874942920876045920 4389695634893790260779526286863581962341767078945460866907473591 -363029551874934274759161632845643610147938558083549704486632793770392238 69258454925539895006064402400686023913925006283859004 -586774096806636932762832537808340188363147103502894617111523849348 -590558395055983649752621761088660392168537856562157920262233490492865395 -138831077954030803572720076473489927810 -1267569312751159165045239373793841507135444308856033057088194014329611330 603738455694504361495942513992066173699230195203062783646677587533 9980792453399985264316936606074512917947681146569151798534 -22014044243317108226281803142549481200072548276697668252336191 -8550584710447431266312138264323760718980777682967276302733311796743723 -163623874392234177166837082850638374809938200779021512 59089178800591500698000765330746015890250901339 -1235801892984225009056781672311255601761576588789416150925869337164542852 326048206557656339397839896364879683983261703 19333027880187943858711806241316073471876953455030807452033098
230283154001618558665908347381469595960208156760064340189816193532732177638697582612329935166 349004482769033760217994011965695652860693669803900623865069301293090808998423625649329929450 225885992935231434088619434950173223562837054423066364701318563079508829973044321733430272936 700483575868280587859229688768937727517258376368413797472277978430170849119579315025006 -375788664252840002848039416072382606019055083266374463851629257132838555098937839702446354666 332715916266941548991310694299055604441919873413609411084439862735773114803875737052651544269 284544888701529119092062585129810776976541981001256907016213581300380509057158743988008251138 -548331154821809999171648193472804132766181820529817567621953398107318808661154382789019099 103616687434589362901223808735236530496059933209367714099045178451383 -253923754505505207221151160203690168120374956904371100716596810967793133456217231581082429534 40300150606711730769606084792422519211773065526310335459505251163939927223415 -74951022344299912144656474333642249596097164348422319097803957719898084006583910102865091306 -629330345745797498846541122514600968615250463348015788797068545362247258049888864975499381808 -334631387226698044996404232101197851135151668368997595782605355253554379103571064809321193878 3410988874727814012034958939275090080828984167586198770504942000337375785079337151110282 2330771749675574854011416024280371625678906133990027531906708047542744346685484557394603 401612484755612864710324972047746969041453611638194663297665884974885019969115807729086 51888678706960438679658050817268854193194573740194108188504748318 225320696040341159315529365925552783404290389882220969328205878817841985634260310084793679705 -815975040884533522893809793961324629929904826336518963941791748003942102465832817583692 1807086426872272017382944256232438782733190604 -3035349421295502958790196127370472485991346652524475876609502133046384440232781716311 115197764717790510851673584705476572934772301541020468262735 15836357219066158844358342772003247856526706609151351060994212051736984849656452358 3034725117458006599496263953005250009093748581201880719055770725381347411365049601128 -250972958283710982016046291424157119549910717022277663554355581578791916639286223770565426911 47880397695033924177802462425721834334355910251415091774171654692199581238 -405654113168582226425695031451700096024984648065401886585313921025085118897313092320677 -408270309348097690708457970697604451937085261237808491841983080946582052006626118700203544090 -95977988998105465830761383179247674969318426926088362822423 -876307778823485246090923111159805715599595931838760105697762947455602566741506779428029736078 417382071163972693680658098754163270613606225132668152582701951201432368759899711379328 6900014048741924867792497180307503431264376161021802565006898513123816410467387 -15218953330381108835026330667797524488568274583058743175581977658564659700756534602 -5911269561260834567522076956951262363663342206131467793580627729703991947960418297087997855 -113117975079363608801808566882616714069788628550896854972979717779557866377 40850079365573342706477963728149240983781830642063798983552613938359 -854346031426417793456599202951509544681148210820573542971914503993511580675865574905124738592 225406671496165454756043894418288411844930174028898530951115858598 13365488221586419689108802817736242841617270653984709973033985573528546651508077297
460566308008664032813572419839917406995178066556937964066627148436045582787627338219845694419 698008965546292255063029419607427814683508128520747014918815687089136853789659020827892172394 451771985875786158964559577479927671112580343088746140641530713200258925924615608159191535107 1400967151753068962313081336390985374377003754381930742304258650510116897683113217739284 -751577328514535943633630737360543853818984896244421558007611304461778636777147317741636176214 665431832541723971818329386882174560302186813568708875522953692978532766552955001397054864237 569089777409763900473855380246588426046600550425158208478100081468036385070425243218994258183 -1096662309656542119573278154842680647405025073214925130811103389304091596233160831015239359 207233374871620584859159445489630482930570779302866498156669378657992 -507847509016994450749629345917429213666474073152655926298481139926531320970995931945414433806 80600301214373185856619747232114913252435780612384895161892938328038883114033 -149902044690366140480773664834464904977932260512657765157824838443952449737975650227777932606 -1258660691506425967901361339842235479958451609251440013785516697380047085899685097514062961250 -669262774461282104338474403061805230951085976657550814134123809130750926130425820012782799766 6821977749536012316236711836307234672881639377971599144731311227465217543276527348413664 4661543499406077309425513692470758577725367707861518549961038743654872933020782303969585 803224969520690238540458602438961537291563824623255977075470131894140204639813752411316 103777357415143700083902690510758996127432665291437124285457057812 450641392085992287477901557541594610106778288951421980637451189300599923948131673726835507702 -1631950081788296535679317925752152173765114397905456957567418250041356933487350366093281 3614172853787130325323620058647368970322286283 -6070698842662537788152440556757865939959230001699130202045020690291068023402802785127 230395529438295803579255629155835803924127810392742467446785 31672714438505521593011656793447691005969380488947795364819204583726527441915441723 6069450234987530357050429364747987012434097916960816468665733159801227659702275619160 -501945916573336461072559259434703469460141734331004499984901736852470911957147412536769141218 95760795391196210838958676451957205867617898547030730042835274815833893661 -811308226346724208086360462903360171772649363214032533868801390238027131826167711535765 -816540618705816790643084598401204337744854770218024974772113751281145583646908632778716236043 -191955977998472775071909347563035713831468936641166335238535 -1752615557667621799796152731509999007632531464566192652686139343973022184734767570685969795673 834764142337781526846322177710656125067984157428265100565785962913019071074063692616475 13800028097646457344586156314181991493138111762630183277273551974660768757721681 -30437906661120871666272387374740041310592171085910797765588796560768027905605246066 -11822539122660975722353672523994083504331168863630708676486916961378303749551609933092320636 -226235950161392986590864641931477388290630832822819519210901380376958365938 81700158732109369501165097549019701088203091734517210751810397861923 -1708692062872969338011170610586008520028917998707025904126689177040099879182567867023456986145 450813342997642904479921907685028817355378019898811663595424606074 26730976443487814111238855331060830288012202588980282337722110792952053572481341339
1 0 0 0 0 0 0 0 0 0 0 0 0 0 0 0 0 0 0 0 0 0 0 0 0 0 0 0 0 0 0 0 0 0 0 0 0 0 0 0
0 0 1 0 0 0 0 0 0 0 0 0 0 0 0 0 0 0 0 0 0 0 0 0 0 0 0 0 0 0 0 0 0 0 0 0 0 0 0 0
2 0 -2 0 1 0 0 0 0 0 0 1 0 0 0 0 0 0 0 0 0 0 0 0 0 0 0 0 0 0 0 0 0 0 0 0 0 0 0 0
2 0 -2 0 -1 1 4 0 0 0 0 1 0 0 0 0 0 0 0 0 0 0 0 0 0 0 0 0 0 0 0 0 0 0 0 0 0 0 0 0
0 0 0 0 0 0 0 0 0 1 0 0 0 0 0 0 0 0 0 0 0 0 0 0 0 0 0 0 0 0 0 0 0 0 0 0 0 0 0 0
0 1 -1 0 -2 -3 0 0 0 0 0 0 4 0 0 0 0 0 0 0 0 0 0 0 0 0 0 0 0 0 4 0 0 0 0 0 0 0 0 0
-8 -2 1 0 2 19 -18 0 0 -8 0 2 -7 -6 0 0 0 0 1 0 0 0 0 0 0 0 0 0 0 0 -19 0 0 0 0 0 0 0 0 0
-33 20 -13 0 -23 48 -47 0 0 -31 0 -18 32 -9 0 0 0 0 -10 0 0 0 0 0 0 1 0 0 20 0 -6 0 0 0 0 0 0 0 0 0
-43 -65 -42 0 70 -62 -53 0 0 48 0 14 117 62 0 0 0 0 -42 0 0 0 0 0 0 47 0 0 76 0 163 0 0 0 1 0 0 159 0 0
74020 112180 72606 0 -120790 106945 91462 -176 0 -81618 0 -24092 -202285 -107560 1 0 0 0 72424 0 0 0 0 0 0 -80670 0 0 -131230 0 -281671 0 0 0 -1900 0 0 -274612 0 0
111931270 169636381 109793574 253 -182655585 161719576 138306157 -266367 0 -123421604 0 -36430980 -305891291 -162650193 1564 769 110 0 109518579 -247 0 -1 0 0 1 -121987467 0 -134 -198443244 0 -425936928 138 0 0 -2873156 0 0 -415262288 0 0
-383710690217 -581530823051 -376383898179 -1168035 626160121632 -554389897233 -474124627450 913661585 0 423101986859 0 124887588432 1048625478863 557581566276 -5684494 -3887197 -670016 0 -375441971036 1361076 0 5062 0 -26 -5061 418185203697 0 676537 680282861478 0 1460153112401 -696096 0 25 9849689151 0 0 1423559218030 0 -22
3454418329178100223 5235326443126290206 3388457659669948471 10510309314389 -5637109041999413557 4990985837217109697 4268384633504701259 -8225379015474859 0 -3809044904948265536 -14 -1124320987538724703 -9440422573463610544 -5019719336174786331 51170090503421 34973848615707 6026950857838 0 3379977793015040923 -12244564101335 0 -45545198513 0 236193562 45536155471 -3764780766606098140 1 -6086942271240 -6124357850884770692 0 -13145267487983054315 6262922186188 59236 -227209757 -88673435482232956 0 0 -12815824965111438303 0 199588786
53010580045062247465 80339919566080766794 51998365062636322672 161249487971191 -86505568124458563068 76590334138861802209 65501489521980870744 -126224398392957567 0 -58452584479810542382 9277 -17253529406731265636 -144870200395595729613 -77031270546374534760 785200721967763 536537563715088 92450144105437 0 51868235195231478270 -187835321307387 0 -698729501824 0 3645488027 698585788714 -57773318903523559940 11 -93380516397936 -93982757911885949958 0 -201723759841792784341 96080261669460 1588365 -3503363267 -1360758799764210745 -26 0 -196668223003377322585 0 3076700445
-168580511435976395767306785577 -255491351305005120076505030112 -165361536671401585753699223038 -512794259677137862906567 275098912407378807065794471062 -243567183932074670769370655373 -208303221621932490135693108965 401409937765098434602095812 -75834 185886790485684049471996228987 -29502027752157 54868458503753886783842272813 460706003476314705369046421665 244969418826053242288793926234 -2497040009274837808989496 -1706258954565440274229985 -294003434044935089196130 -38 -164947706836271300430783300941 597340653543157491466467 0 2222050327768632002931 0 -11593124172922457865 -2221593301458249615856 183726637962282702494774698183 -35051204576 296962138461879801576093 298877344512759509234182523335 0 641507687220357033823233962617 -305547678144685593358565 -5051207077197426 11141149021859716038 4327389253433045997064626859 82808862686 -29895 625430425189286656223208329362 -165 -9784305976505429756
-1903153828916513884830613456052804385 -2884315270782880025472110880206026672 -1866813897947015094961809294068013745 -5789081729779849982166255523304 3105670661568184139421314736955478962 -2749699919345578726721581697940486484 -2351594917043442263581178376459621382 4531632117588622058984658085442599 -856330530295 2098529385421794839439470561288923886 -333056867601077446804 619425792451839475217136439277843450 5201042439913124659353136333850578725 2765530151943545240982595946190466157 -28189802095919893086467737926171 -19262447567894329391647192509667 -3319089237843023228310152513899 -428829187 -1862142054039677084148587707499149040 6743550261382967262212580222113 0 25085364573378471839582096347 -953 -130878109639507552375131038 -25080205072051118479178921473 2074142802945941693353190375683911686 -395703118616782868 3352490902079159023115301755265 3374112213450491968285946200063440111 794 7242164594312963339090800117453656153 -3449415526292628551433542830681 -57024527970242382703136 125775632300975705667646070 48853140595738613035751703736841442 934853043527710246 -337601702871 7060663764043231862605661737471232549 -1862852589 -110457841323781677492868621
103093636252951087084309837123395871720541825508330 156243045016602531537543540623503783441633105357992 101125106138409723165830977020915404099653176696627 313593928678010961671879852846116219267560517 -168233842498927880816221762199223712269309414794145 148950946046840741769769502081518362374517087317869 127385641301515756705210978995188797463166813583176 -245478019729410888796542117287286130956252637932 46387331849911186717164327 -113677108933422939388259769687705040222178374304339 18041654352008240075269007779381652 -33554227914977032628164383976480696777523643028600 -281739904199875508061978672593539571607138671062857 -149808468027701049769980715764319267158733335151285 1527038518464883450832368723981663593927657751 1043444693084320025709105515824340040314458955 179794703601063271703012418599594924937507271 23229630458440000775087 100872032861254890131283598753062827782573093241067 -365297385391228988533222788114480292285336562 809 -1358871474973131352309836338028205869993970 51571972359235022 7089652987394499532326502593171054772785 1358591985346487977517504651157663781967768 -112356090408793482184093781406195519200637181444508 21435194966904834529306306456049 -181604068125718543681165725281216244519206559 -182775292214891092984851081221883987751336492282344 -42967623615190182 -392307269662569104619326154548232920357140081556080 186854464494521865520000897861185088930097570 3089012487974923979260405858009659641 -6813252344033471576020762371720726988805 -2646369321211758883290336160518409615855617348051 -50640887854177698620000968971315 18287847590401689361475911 -382475389395649737027716485249011992198744340186019 100910522530235927629702 5983489270125455380138265666055632497347
123276902221074841993189233613164544162136047911768964922642030481 186831692850327107820638916188454506308427035505942386953544869068 120922981035734846263354056767162862060939733660839280821517893591 374988112631008808106811960692565309244465000945642900603791 -201170001425983918807091282036174302966756951402753085099150322482 178111975471496248095776230513464059589288237701424899677686144646 152324700319670288649878402849959334066334737898701023401692893100 -293536739371140520810333978570304107163567777266137112159925955 55468860936548435051915292758360022621957 -135932365489328686581100529087145481867654190597283052046997676480 21573778365929769999958734917960078400487584342387 -40123342469258146283686467932383687666780485521638197750168860790 -336897832729504013210325474653518211708826344323816899658902592572 -179137379727560720205226776751152185291495592276282371272632114415 1825996103840228579373429984161870235343729957738136443870705 1247726184444997879978803625301804760490516588384376442776766 214994202370671963930570969011182550460662075683620515658299 27777435996441888031536605782079476370 120620362069361058369507891394343642146357810711634691945298949246 -436813868413723292930577715810950693443645094475921321264535 967383036402870271 -1624905979067890564608143766699520052238895062333660355850 61668529939891443219470113625546 8477637319571843331514941725342241728465464848787177476 1624571772063192602426240291405347255110998671430950019554 -134352723162101020464085599936602766454749389966553237871675010452 25631692993554308856332808034631870729550700780 -217157797153970962826923542957572802809375928134011741044332 -218558318881283289929676788460193385300679369820102516442023884852 -51379655695577642915555137619666 -469111641422241355132294099846128882555473138406462137380100336936 223436095439917062688662119686458368429349374167461792864759 3693767183702992151608255451984951692516423002594219 -8147124047134193242350156873271026657536279729838596582 -3164465081544115082221003096099695851138687029666849701497063485 -60555161378442281586399338073180951900227079446 21868170346657389741891945181436563569436 -457354914369366265845311074545036213540270381381571495346439270150 120666387094105115480816853041324733750 7154913227468892034047978249321333415881105720455306677
-11745954188451815781576975363076074365191792206878213659385568980372390453977905203743751 -17801522147558300585738041936501603457691333434404889055994125859625972544895462731873905 -11521670077575585200982575026841375434886879582616801850694891314574692951280776144529439 -35729265684166831104967985052780038919724599617280704165082216212574484312962705083 19167691418810145089217654056116096238522800111958000514220401029925519492498498926207069 -16970698213612262946584374443268429621722494765651530586138947345712714957473450573542660 -14513659245881227164099533978554118379286539511226861160815510109819478262062607397245751 27968492322250335242363190134015847770379983379229231359093223670170533996097612904231 -5285131989104436452464618296797693453741435851379209620633667188 12951780171294624101695099907801144687068403114152855103700258848670467238767511509210614 -2055572518391065523937454097961697039438033227262889356378219239645698145 3822994689518571751625397267886302116806512820786090158543760916833805088214169795033942 32099983355624544688900433756157730683897131875147781664050082637349728249414342408869221 17068399820315337275407409670621496198098271955284280670623279597483133968907230768024264 -173982848348473251813368789294678145269092820271981637871683171078604260266278379416 -118884676189707579455202033168065852871387169602744831937142442474072924194214528585 -20484875968897733483024686476205834106950972617964560652193347176378365041004389085 -2646663606956541567377719725822119601424821147888546914738062 -11492836221017373567571335223022425534285333305265658372528888957619832420094603613494137 41620089366512947804186491109558075504080957997886279918949803388465556466642896604 -92173283263549541047376926517129379807468 154822767662067536226425790107880463903575165828930247401945259217711738088371576 -5875843037036516620228551973911119819614386634272694227 -807758288762198792287660411992580124943004610850092497685602634480448525134613 -154790924063664956754731360089547480145625114216061069486513504781336691032879390 12801270172458981684445509206453941429032310346456805115474258603317028506864033780211267 -2442214934431415333398624106944291417209824258809986158395832896353973 20691025578022635750171264409777810414873216642193040049186663677251150918666633139 20824468775836294844749508805029898670104594153785183875645395285815325781252027866580739 4895508170187540176651418332605282662087323706902026175 44697455485485831365454198625537525067340045619251861791878159226079074958373498420925224 -21289228507521227703281251253089751880460964848158464464098673952247263644875374255 -351946060785787823740402342495704897962817155432337363464056440542132459873 776266633092867327866123575458593148961641393382288830615833270228996832130068 301513594266958015456069350727271499332435318250103774995435894504868292755058028401964 5769760097880630922289033782267929902434870841002563038095737248647309 -2083622499018199277694818149959630862435594044832897337750945294 43577262043882664381510465705434711652370752790972763536892170186134654656419657882317244 -11497221534262806792802714948614438752124400818711776957440393 -681727732268001681657333507383960093650776805222062631964931630726110349854232
13947992295240411982390219484638281445484885079684511138348528133658244654193593706351627230721334425 21138809991427482392317849238450357178766964141448722972400301300492028751633082313166694003395947040 13681661182394581953636173191987447313937204119296087169575611117653349871926358273819602571513602359 42427504354419945171582888537420923737633422513733511739466085726932550181269235400054305627235 -22761097816127957919184779958787697037015578524537221321957518554488083150781276337777092680440660086 20152229791687398963547147997444504990395586704608116950732556749930982189566858730112262424550881973 17234564692609141329328782581983797039465502772986567338356096582774231103004291408837102676260469421 -33211802903486062618967159468483605490571147980853740528544359119548337385244155821701320758714387 6275946515765666714162756717401635972262498770361554347331851244542833168048 -15379876946606399378597606301418123695764796833017851136899125873516403766640200723024879203866531246 2440934911615343946541790128688525366168982276032282514367825691717745092975712672782 -4539699339758649327513672329393501442503999593023158634591810686266647996009526475380256543000660605 -38117833028992090969737950494685702117988686187429359615669274832613361247725581607168040543623863074 -20268247718853068154027638742382653984908917852999771064970351101644487275919797888253471024067723190 206599769532077534477359689563168712660084111575169249727487740044259367247695535321904039677618 141172230106812054232419527986203416948742672055160669993815907426143639148856459523335774099589 24325217653586045016397206367425923198540240073967161935309754890783520030539660634425666584983 3142839058083261063430736690542630580281244705787969363888095596233647094 13647421783648126261627211931522841899216156463548464907075897940161334441935569421470956814001128923 -49422692826614491355216600018741775091753636833218294425215236408966270161850513107706656204537 109453197599815833081533288470607630514065690457398528 -183847709247957192109525024721801119313032637688503355317432548057891110559656617583671247223 6977399374603695446792060408351476204155496016506275485109960480662 959190390777161037016121637937896767854863947206417657650252727541810698898987883168658999 183809895864893891532763515226423195948337308157953560347323851337853879249642796427997404690 -15201150529796418168183690911657323638413671253887592505652601043304918950144590058782491885934637877 2900061973871897008513338892016684526195763303294175196291659095294596553975738124 -24570014552467867579214039722112280368165496877305780935215759038980404371903323568104988428739 -24728474620087328013751593037061859460550947774420297589114440536665362242876983026789659882818884079 -5813279120924472540041684478144565929959966437381865448666268764265 -53076979079430634615001191090192451889503681171747819948881417054333189697871774245582704833329621446 25280363811265407248447019659777800432351404675034854697720982406267836719539013503386330347690 417926110167079484364265576433857540936942199598647432043209798011462912807955333977112 -921794929872669431184831935760864299458885441963156520389099548338137682494850222931811036 -358038965781126065330577168547591555590868383515834275642942327682671657007341830929207286094381792 -6851428849411499315168090339562335986144833604071015353520107337635248271608473342 2474243479603252318938385324019822535113641483604250553314295278941372283371 -51746780677327109499932602720012643617883114924079398257406499478160044259603919996312057625494571623 13652629220556032372144255802899738171703558481381106743905273608994952516 809532627538632643400621432587732837438730445068653707215293416907040874249760785732660755
