0 0 0 0 0 1 0 0 0 0 0 0 0 0 0 0 0 0 0 0 0 0 0 0 0 0 0 0 0 0 0 0 0 0 0 0 0 0 0 0
1 0 0 1 0 0 0 0 0 0 0 0 0 0 0 0 0 0 0 0 0 0 0 0 0 0 0 0 0 0 0 0 0 0 0 0 0 0 0 0
0 0 0 0 0 0 0 0 0 0 0 0 0 0 0 0 0 0 0 0 0 0 0 0 0 0 0 0 0 1 0 0 0 0 0 0 0 0 0 0
0 0 -2 0 0 2 0 0 0 0 0 1 0 0 0 0 0 0 0 0 0 0 0 0 0 0 0 0 0 0 0 0 0 0 0 0 0 0 0 0
-1 0 0 0 0 0 -1 0 0 0 0 0 0 0 0 0 0 0 0 0 0 0 0 0 0 0 0 0 0 0 0 0 0 0 0 0 0 1 0 0
17 0 -2 3 0 0 22 0 -1 0 0 0 0 0 0 0 0 0 0 0 0 0 0 0 0 0 0 0 1 17 0 0 0 0 0 0 0 -13 0 0
0 0 -4 -8 0 -4 1 0 -5 0 0 -2 0 22 0 0 0 0 1 0 0 0 0 0 0 0 0 0 4 -30 0 0 0 0 0 0 0 -3 0 0
3 0 -24 -46 0 -24 10 0 -30 0 0 -12 0 128 0 1 0 0 6 0 0 0 0 0 0 0 0 0 24 -171 0 0 0 0 0 0 0 -20 0 0
590 0 85 -412 -151 -604 381 0 -96 83 0 2 -54 184 -608 -136 0 0 -129 0 0 0 0 0 0 -68 1 0 -85 -1840 0 0 0 0 0 0 0 110 0 0
89465 0 -2403777 209497 765970 652164 -3936134 0 -1603705 -5776 -6859 313631 -1402163 6242040 24900 -397073 0 0 1874884 0 0 0 0 1 -730 758735 2188 0 2409176 1840783 0 0 0 0 0 0 0 -940488 0 0
-188160795 0 10292316999 -884728354 -3280652281 -2837992513 16853265260 0 6888007587 7556746 -76285 -1330913039 5923862326 -26722708536 -176166432 1681603811 2677 0 -7997404247 1623 -39 0 0 -2678 -41006 -3273183393 123136 0 -10292324384 -8033612388 0 0 1 0 0 0 0 4002633680 0 0
-703812284 0 38520954665 -3311244322 -12278469353 -10621844753 63076565250 0 25779734360 28240020 -342283 -4981173889 22171015398 -100014847141 -659496975 6293681840 144 0 -29931745477 613 -4 0 0 -144 -166814 -12250564323 500452 0 -38520946629 -30067683658 0 0 0 0 0 0 0 14980572113 1 0
27703401033874 0 -1516256071778446 130336707920797 483303278785403 418095457746850 -2482810353006951 0 -1014738054508017 -1111584485979 13465098258 196068226613847 -872692220099005 3936769497335422 25959004419899 -247730970609240 -4713472 115 1178168907319667 -23688863 -670569 0 0 4770660 6566054175 482204879933396 -19696760887 36096 1516255760734355 1183519643806624 0 0 -57188 0 136 0 -33084 -589663050523737 355695 1
-3115745252965871917 0 170530369482517147687 -14658715742095198495 -54356179190821529211 -47022383002409876228 279236848401406267541 0 114125614326311910052 125017487160922831 -1514783561333063 -22051411713943114833 98149994626601271743 -442760803581833073541 -2919559569275301995 27861819894885488669 575623425286 -68133905 -132506363752789781101 2685867541337 30539128031 396 0 -578954706523 -738475939979789 -54232644669647589593 2215356288338329 -2338682619 -170530334236410136005 -133108152773533733826 0 0 3331281236 0 186996 1 4467935443 66318255426612909029 -19278666433 -148076
-2353906633947986257781682811 11001679027 128833563490384910105258426419 -11074476594528256327585482865 -41065414237278815108613629828 -35524822841823494713088914524 210959950104739344341324369952 0 86220475704389385691124261707 94449152189570577019810031 -1144396034424715697830609 -16659566034972406771780864272 74151094637030449649033444557 -334500255131096160163351881082 -2205690767842969624154106118 21049256819766285232930387288 434437572151066346064 -45027861662024661 -100106902247393562787667388152 2028920449086079673182 23516088303786457691 -40533984388788 -4514239870 -436994881279185992305 -557909276415882656512950 -40972085447314167218926227233 1673672944715587452862017 -1795594002023126947 -128833536865108030923188853352 -100561546311763612810331908848 -38 -294850575 2557309143817179907 227302838 -1112919050091762 -26631664956 3364435084165451018 50102613379013896183254289458 -14758460110509230844 -4250176408032677
3605650232750817224804874400719974094 -191402275006619706 -197343752502969187720488141767414542486 16963582384598350186128565192965712360 62902885894934294564550498864978437390 54415958517919796549650259286601902748 -323142720372051620221575150890366506428 0 -132070182312120303576928547426191000968 -144674645401987885163525861260507772 1752954755078184209035243133174385 25518670658037408562283401153400807995 -113582632284844077128575170038226778974 512378403363015473404233974493696404103 3378617195663179465957663615966134992 -32242679746426794663623850663296981745 -665459629114695068023090802420 68971833811485382361892031 153341033234891416952085725573535051318 -3107845203114477138599888299679 -36021347006217936711329236322 62113700283582819742912 78107128210620567 669376849599745334890264424703 854590272755364513527028680822286 62759927389951295548081626610283003566 -2563686747551451234288621806703473 2750444831339357650648101497 197343711719093655056487875019384234370 154037444661269589678588427901241432823 3793492119571 5147882241211502 -3917220485324630540212222786 -3728223064269293 1704860492656957404054098 464346288868269546 -5153549250064535680379597070 -76745822024538067535909835098136823760 22606626525744498898905585957 6510676970953099823640318
360112669092169868016973319381167462371566611433 -19116216080534800062497195150 -19709617088480392635226819704020573932119113534688 1694230037732226277931110013025559420716338895731 6282396980015243259027603449689013549822293972484 5434768987048096962984742565733051907231690023379 -32273731510031983136822225890186906494238101274252 1834999485 -13190449097893394463137101869510974155957421623937 -14449314088328988062485979022520355867082518515 175075555003962482341915297905154172833569190 2548665569077945993126784691344720238734930536858 -11344013488353349622646832562322137075662125386869 51173558861662191969597024341437268495891767734557 337437848274800531104652352033270768667790452403 -3220222903681801422269690887540203208432336787903 -66462476320325768704473976847255297600668 6888530379466857184749782673256872693 15314865612308567921401397275020300039705307376910 -310394619270935855005778565587955226192247 -3597615569275001081946444323428142083174 6203577427763968423198348025551133 7800914283480174128516981230 66853706925968227511168785264585661775174 85351812914851847554301059632847479305552480 6268119064666926706840381128752335445231584614250 -256047042220353795628911447254031277218196137 274699420483924858976653073353850397481 19709613015209463417655296657051989823297894952024 15384419385234567794806866620455616992544450878457 378872929769909855649433 514142421831485606829255071 -391230605669860755059043330905074114236 -372354601787163007514209811 170272162525333417889399416847640976 46376376624725393032072304565 -514708376004297551222310345357383796722 -7664953899270521330040366408704700642669232243312 2257826492267616648148627462630403051454 650250886874852310135969132751623006
29311783420618903514057049199328195591170997549099040221 -1555986316690716155337781635841000237 -1604286871820662571246660364549293989391718673179639903653 137903795653474870923528842917575724266301186985715263340 511362902351610476265528293913399689835928594225649825368 442369250410007334402564635415906673272623341480763182215 -2626957364710584673241049427232770939040198092273832265475 152039284960402301 -1073651721703772756090249789425990574751113772025657542596 -1176118480367026726162147889601866430071991485298601520 14250475451079828460364692304746297829700864125394054 207451554983422140261079703817559450492948656877077151648 -923358979092421353125955792137272419437555486257637856020 4165330472812156041351063068672631066687571056562143661934 27466140392908711430431821050150010852872932141019606314 -262113733895539517654583994797806652910147966852119639053 -5409789431764706279558210525177055562022854071263 560699825080596205436933085207680629626618439 1246571038657283576880832820904094910919499925373921599921 -25264925774290016797987597419798330576671443130672 -292832042435710931208285621109474838467363468826 504947294562182225461920140530929556083997 634964358617604321168698906268186433 5441634095294647788114659285430756986916871106565 6947308632668483746392264444869366460373684375170833 510200735068124350188239662066879920465567606270476480320 -20841242453294916489632726453892848716217200789401618 22359474159276133971102476348101611550503417218 1604286540272106971360832346507983379739574423874787010258 1252232447719156942198800564630548998729388099946798317469 30838796339344094059358266625297 41849211676081702068233320224849466 -31844663532171921548527800034432155012809480378 -30308229562627818378118211572900234 13859497815183967781458000933272769736569208 3774858326656302214699335294112113632 -41895278164609552723961252554048392753677331723 -623897707322652718946570073701922765573627121416622876987 183778375000034314405605696801093108113713762429 52927916180207131422421876683579467325810363
11996221914371800788496273431508298189007626001965526506763019846 -636807282685418660800841974099936963107769851 -656574902062634714465206979509425984961510847161126422858060951902 56438890522422388624074404403006873192681041823763116752152204750 209281802043883674961918359616137026252761102666456366589849984813 181045268377624603544761204413241731923783559678455320468482848719 -1075115869084028526676309985734640969398840324448152594167996893248 62224020136633836549715594 -439405686357717465230999403320180564131207129826473054683294005293 -481341516673183804441638845064874440808226837746340488538254245 5832189172638600533681023153462499457958123473907470577666620 84902199717811949078389893882308137931532864488825300101775168389 -377896460985334239226896335848083754073439305445344099197725589255 1704714721090648217256595821515844429727756291725685883433097949674 11240868921433473584315650389703670462995183049602298408343825065 -107273394917473020834694770393400026333033362749767700306596481348 -2214025451887788034377931474346148695717241646282082454911 229473568103836025656599135862495552945846130458003643 510175126404709676217414305262286112945651666466520684311708329691 -10339993711379414190019532679553059001633238128661235625374 -119845255209768329538659114802951886742143607028079902022 206656132576654492910473464756504647404203080759077 259867277414971674275747389272114878771223354 2227058287352345882268367944804694982839618759376071306616 2843274831462381999906124379279519087811936373792412113021615 208806170232804066470582591939888438417335362546740933190041367413 -8529544785906221185971248667443273770135898186633637894939206 9150900511725834468540390091695257300627900052009891712 656574766372151768010341162094027077317856711630202689352250951781 512492130405445239831762176559139201847609055387840986748544039556 12621171463714274502039523573573024890425 17127324632681643650835533820871349614922511 -13032835465470672907929493547202873026239652558884180644 -12404030230697242099254512667463815873176927 5672176579189103412119574923098347401416435579941576 1544909005776457414337765155001999118383791056 -17146177931754781071665834781727512398045342590362552857 -255338108961515410318665039033365215854727184315974192311785912016 75213648310877849230281198072589845129829860826619259425 21661426016009648563280965635418276978965554800832383
270459893757980137571928460511462296195115945895899874358123314631593 -14357089361032003517516409163787124873485441395344 -14802758695491794768506883350019583990281068296758634198881338466194962 1272438643055226965840809678797334133601310417240246576518833616737298 4718346688673395619540530297330960456727647893881166221455411078157800 4081742101830857842248731933870849619346670065788490866229115610039312 -24238941710608703903606220714786164290948830941692687664194629321277171 1402866835531500283620547929457 -9906586931889373777495985771254364408985896640736165305720035740795681 -10852047952261607083854158246509884225021959242950200259211183793628 131489170112678711013766254836128987017108307157923304452807717527 1914155980058051655465464703398117092561570012284448608374952365730093 -8519835446455421653122705226510599753332908180272795880853741595608394 38433513955046351117364974149946357208812441701638122055180046233192186 253430141251057596714497683921269397786963916923496660473803385994232 -2418524031943678375389753890411930876828944061269457400769585772295796 -49916139662075632415576077138552574432270128584319467373420456 5173578589378583457089720785927783683868214857069218204418 11502113871374434730808982865718211208039949652746302156023000377332468 -233119528848287782302852023562190371018396611113223343409274319 -2701961936249270222917715330917660440974788648943592751808362 4659149860687110048333289037592302013019787902643202858 5858817612954211085290197359604670981161408471888 50209970446490071577626228441262596177021880427781729273195094 64102832902814307950479216643585200946043723186165539289596328970 4707623368447183967806920432138700288527492786494778949372323276608565 -192302192562510136423851433652702216161829098443318997320764112780 206310920042764115686800974352907685194568998102800961503052 14802755636292501555950032021408260036042664151105019008993335409007046 11554351705948418704508548135439212700916068715626260548642247524621103 284549645508634891714694547449451717987571517 386142773414682043415265095917099604244445385236 -293830784435019187912712027201473962850496728769002870969017 -279654104626558872914107049327844219521378163017 127881618557430900225008110598501775664897749971314725236 34830626554804606336203147441677956581945941735047 -386567829011411156760273690449040390331694362790047358810667 -5756705595731001602327398934200327044239257500805981274726398430044557 1695723493322468892848198176384821217391865683771702351844332 488366005626956397352690673458555196647603397549709301533
1 0 0 0 0 0 0 0 0 0 0 0 0 0 0 0 0 0 0 0 0 0 0 0 0 0 0 0 0 0 0 0 0 0 0 0 0 0 0 0
0 0 1 0 0 0 0 0 0 0 0 0 0 0 0 0 0 0 0 0 0 0 0 0 0 0 0 0 0 0 0 0 0 0 0 0 0 0 0 0
0 0 5 0 1 0 0 0 0 0 0 0 0 0 0 0 0 0 0 0 0 0 0 0 0 0 0 0 0 0 0 0 0 0 0 0 0 0 0 0
0 0 0 0 0 0 1 0 0 0 0 0 0 0 0 0 0 0 0 0 0 0 0 0 0 0 0 0 0 0 0 0 0 0 0 0 0 0 0 0
-3 0 -2 -2 0 2 -6 0 1 0 0 1 0 0 0 0 0 0 0 0 0 0 0 0 0 0 0 0 0 -12 0 0 0 0 0 0 0 0 0 0
-3 0 0 -1 0 0 -4 0 0 0 0 0 0 1 0 0 0 0 0 0 0 0 0 0 0 0 0 0 0 -5 0 0 0 0 0 0 0 2 0 0
-1 0 -8 -18 0 -8 4 0 -11 0 0 -4 1 48 0 0 0 0 0 0 0 0 0 0 0 0 0 0 8 -66 0 0 0 0 0 0 0 -6 0 0
2 0 -16 -24 1 -12 0 0 -18 0 0 -6 -2 76 0 0 0 0 6 0 0 0 0 0 0 1 0 0 16 -88 0 0 0 0 0 0 0 -12 0 0
2 0 -85 7 27 23 -139 0 -57 0 0 11 -49 221 1 -14 0 0 66 0 0 0 0 0 0 27 0 0 85 65 0 0 0 0 0 0 0 -33 0 0
-588 0 31718 -2727 -10110 -8744 51937 0 21226 24 1 -4102 18259 -82352 -540 5183 0 0 -24647 0 0 0 0 0 0 -10086 0 0 -31719 -24751 0 0 0 0 0 0 0 12336 0 0
-1319066 0 72195536 -6205896 -23012168 -19907344 118217383 0 48316087 52926 -643 -9335659 41552661 -187446692 -1236026 11795546 0 0 -56097736 1 0 0 0 0 -313 -22959870 939 0 -72195520 -56352521 0 0 0 0 0 0 0 28076417 0 0
-11422776874 0 625188595263 -53740938021 -199277485864 -172390743010 1023722012237 0 418400737384 458333177 -5551501 -80843613245 359831848404 -1623224096443 -10703516468 102145396716 1906 0 -485787182303 9747 346 0 0 -1934 -2707320 -198824589463 8121300 -16 -625188467335 -487993416107 0 0 28 0 0 0 1 243132160592 -176 0
46138396155 0 -2525237789955 217068332530 804913976472 696314086875 -4134978678994 0 -1689988211283 -1851276658 22431044 326540418322 -1453418979284 6556464496692 43233250152 -412581763107 -8514 1 1962172944241 -39768 -462 0 0 8564 10935455 803084659783 -32805287 35 2525237268083 1971084320575 0 0 -50 0 0 0 -66 -982050090465 290 0
-3497882797903518 0 191445446070757201 -16456566551438361 -61022813727598184 -52789547779991040 313484472964071210 0 128122804217033957 140350538942998 -1700561612777 -24755956169351263 110187819111848246 -497064187463333098 -3277635435291924 31278994790956441 645572812 -66951 -148757901561432616 3014957788 34941924 -60 0 -649372697 -829047861849 -60884128036231702 2487062032894 -2668057 -191445406505832932 -149433498303199012 0 0 3799885 0 -1646 0 4999587 74452005423024577 -21929728 -6290
950482274728233467290637 -50417 -52021612379003751008607424 4471754976674997723196759 16581774219063458522063775 14344542785607461557218833 -85183367241578842255302646 0 -34814904165573256932249219 -38137555553266342319683 462094855448928071265 6726954243863914871034331 -29941417423995593971184841 135067618574459719992179367 890634296250052985304166 -8499464343588648238589880 -175421225352145701 18181604220147 40422094399068610738962718 -819256330336201555 -9495555484169036 16373737754 20574 176453840386032101 225277787354721389579 16544089053771004904392570 -675811200257296134073 725042333857792 52021601628002326518395897 40605674800372722578429794 1 1356 -1032615033958670 -982 449416769670 122313 -1358522568169317 -20230898391417072679641842 5959312860992644 1716273809438
-48361779317327387564172571157792 2567236042118 2646927569821617495703200751915621 -227528732616240965913658447732678 -843702325434091574414292757187875 -729869068630304246929645347497880 4334240961223598442938841219940217 0 1771427786689415795915817754232494 1940488628151156523099409442436 -23511989667859058872931924571 -342276216263501384966372295484507 1523458417276935546697806600757676 -6872416809963829671013057807642157 -45316636020386378163528740077817 432463844754660249434886084865194 8925661018229866879447032 -925103765086406712499 -2056728947871102256609569520859046 41684831906385301692559141 483146262719591283589050 -833117155516365498 -1047633497426 -8978201819585073444418791 -11462427997681437332598588727 -841784855013160524913669818940034 34386156371371069627582726157 -36891100736700403864291 -2646927022796625914287778664639947 -2066069758416353484675569942061681 -50881212 -69047396752 52540801358886543748344 50005824904 -22866912093633223455 -6228173246855 69123402283657814501113 1029374528501055584916269285248758 -303217620282929673002004 -87326252562053509709
7712899352568529389244546365764059424296 -409431445449589667979 -422140918464063731251586409403675913286709 36287048145430481199965818911519726890055 134556486784795678412896901708859935438921 116401975823944240636871305392353818514872 -691239337666803359751896727084801025198693 40 -282513266094481375328466264650347568002999 -309475658154108574105939055022199075905 3749771254215502938194155286911622183 54587363080590986141402288816892768305166 -242966276389057129462731478264635406628455 1096036165591609168090353997759054412669951 7227249649538689297682824787456233936204 -68970789646327847982348057193221550290556 -1423494463200733824067739236158616 147538662379967392416839149582 328014055611067034480169106371479002911712 -6648037304688126956404064492485914 -77053792261747890003026392513662 132868328256351899320373868 167080116559567750781 1431873847054603145913919798101777 1828066599909092348553582049004272282 134250682147808932936529564580662969406357 -5484019962827223676132731999329229463 5883516921919598687604992878055 422140831222676773112125952962927952115580 329503759518241533578599203717535131788371 8114706939066813 11011911251189866759 -8379383854456217248473474724996 -7975097277999560514 3646892111329618249049195554 993290033769312186281 -11024032867416453255305950296232 -164168114707510818879087492578025617931010 48358166721331896069758014212034 13927084701095319889328545075
51048885619741740934025642792712946745750143163004115 -2709878357341876986305895272463289 -2793997753245444391160946710641694530912227593843617274 240170821059301971696000402618427508807197023146601688 890580622056716351228942067014850818761304358404323511 770422493296197378202425940726484179151250035871063247 -4575062667279263878732372251159011005174943651023766804 264788940170407 -1869852923999853575332571323975873034521914760642327241 -2048307225731170306362966217753450262015047942274749 24818376995013685637667859743434611386766036303379 361293973485652736163011786089966919395842174226088864 -1608105731174758419017881902885798567218992854840142845 7254266170834133719117968087272981975963108493251238591 47834546237369828396141815659943585240188547921399473 -456492661295540362061901844743870319742429349921027306 -9421593970115827938120523281173534401734887701 976504937513085473743508272124360781225517 2171006160086955435155247855922184321425603788814042163 -44000949636375409795661212663016356900693177142 -509991126284745580338117469614103519766512861 879407312554392942922315217041728970539 1105842740803055136973900684153542 9477054075112223987796870517147635333958519211 12099310323938300681970141802325927950988276201306 888556611989694760299204600442258844263225116901681208 -36296740696547278317433381344413505983506883324855 38940866289000365750787410089469327483250812 2793997175826320848394609819726958946926080525536209112 2180865970372086170049016692833354375542017741629426816 53708304417611131024873381046 72883849797616554904906923980583 -55460105000280497650172526502557923897342579 -52784278666275515773546108076192 24137457232189394106521678101175636232742 6574226760035826758326813272435866 -72964078382483457536630382190789690895331602 -1086569255868932942416136881510712880509972505159287232 320065180276931348720111200741857800420933249 92178326388494533833216895011957318620182
27019543621680280515252743614645350565273007921371748994250349531528 -1434305090047459699661723404672543724729406877516 -1478828445639905079886895242476391868780745056264129878476625722372445 127119444381309264923448153482515263160976037983050731477490933968359 471373305688359182289110464290026517347751045300656779188234650651858 407775094637719148697390611182430078535357264079356324824259187028939 -2421524070697204502336440987813929209008952946932271363094715229590644 140149510270720259920018368761 -989690020316570083967051151966877760790787973353961514813867689546447 -1084143674526038814240339537593378329007560857361581943753962927293 13136059909929746737374016375503957585284060488776258427952390888 191228430519756745450162614047165929015330139930875754616949245098535 -851150469285606806893044325532691723090624072916638092915764832873451 3839593340120478416384113998329443128670493398575037087449375767446636 25318233551881304941388980896149952491803852846184136767598619366968 -241615918253891430386638544040918199795820144653788203843184125896972 -4986733131797449396270521286344740288549788066721711496914969 516851982871050794320859338780247251031628212775459704639 1149086702545395481269352313241622758955271271828070939301336086192160 -23289158297230957228190990939706739965625922874382696660662741 -269931993931550435392744166492551632314659810764383473247963 465459411196217486185942360093635169827308575847707292 585308882086382152022980286585487432297188270286 5016087479263040018641952727856252603598407685174025027709715 6404015271265217794051433733124675143947964286691605313427116603 470302022199352697431010751329096508618254330697688036088886769060176 -19211415815821653941020940873418552171720602964269627364546553120 20610918780855209667651138994119930019874478370315895054488 1478828140019106366061819200922589661153917439760040225822196861223133 1154305378151461131292814717758882755629752172917144147711612594279594 28427141091145120187068186746859702621598691 38576520035946217115715068761558909530932547009 -29354347467646612628627794313292125603894036223706344123079 -27938065692286396575932954786221806215913005797 12775657503273093596113083249402846929770036989766398219 3479656892900152830528870045536869842941950856866 -38618984033391024037092495015718795808004534951029646418602 -575107664947218539458510549026208569123712633652540803989756957845952 169406540324733935247710766884814855663473499305726009628651 48788847799338322383931151066132708797038552390243821590
776545678739338017169546112105761873410301106060047834679701750644068425389 -41222140361263702450993523516545188366564825246219096123 -42501748184119235153528042155557466738109183413240641909864156859567378197609 3653431627129479311070557039270431715038005535934461629151403310156663546331 13547338501737765997636988270827636227944008673869169031708500215520325282168 11719516512646164945660587167562390502712922339481111661814399729766826504548 -69594959833235938015503736661283174016391885536703930927178101844129445588029 4027917647388977432022448745274735849 -28443837517359463148571764116019588175727022528368809375931010370989150266856 -31158449505055993936907796601239856602665630902691950863218088526928489257 377532304081257551060886794327542054865095739914946857257446140476874116 5495933367766784403836843628912672606683641630618360515328772781124017765649 -24462190336566249966578345602565145539440736332996080193835495930228869788040 110350480309166638634926100633740491861909065989245636211133469447738434632109 727649775781227387494483187501655185679444502689005420710030157827264395219 -6944077215432572625551674003682069690465850576222177938998030812616026701191 -143319447535612306199401028917140446481193903399647557476066956635749 14854402408348793675956591279005123853251882312899345480261714904 33024921732670287474348445791544373872892332966536168990453754122863391131380 -669333852947825278222434925803531439730839998966612712125624883972679 -7757885417163211134252511906278383436955712337326582258516113620332 13377372299617753461229801971695448150053685672545956931669711 16821863813688920520963153279886476922787771764682097181 144163095822044757451623994669918666645520096390823370627649923469783 184052345780238417360765138315657168768876847475926052991398300521706264 13516549655866021660479568464063360900221099043371876755787854454730258976254 -552138931105792347774346988690760387680279840159781835421669229443147639 592360853248388272924004374072031165956990737299133250076341728604 42501739400532291676982120400632135791706785109033267841943230403356617065363 33174907241210888748103377539596995887200259853676040430324815097758505036186 817000238136125250330469120229654083256806931060332 1108694889675290857257426353952149650829844028357554828 -843648286491540716209135073970776642616792094876494010718673066315 -802944138859277368518360075176683515270036249806020732 367174285625612101823490900578813373411228063743586952666526402 100005853596617014455116436131299815622117849418652939549 -1109915311240490945394061669274023928260523616323694332355360262382 -16528679324779091061004970404439014760330202583303903123422492759062669131119 4868769017023561844425122636144036065669584805953887749007541954969 1402198699568240462588713055472700012190557355431021795027786658
