0 1 0 0 0 0 0 0 0 0 0 0 0 0 0 0 0 0 0 0 0 0 0 0 0 0 0 0 0 0
0 0 0 0 0 0 0 0 0 0 1 0 0 0 0 0 0 0 0 0 0 0 0 0 0 0 0 0 0 0
0 1 0 0 0 0 1 0 0 0 0 0 0 0 0 0 0 0 0 0 0 0 0 0 0 0 0 0 0 0
0 1 -1 0 0 0 1 0 1 0 1 0 0 0 0 0 0 0 0 0 0 0 0 0 0 0 0 0 0 0
0 -1 3 0 -1 0 -1 1 -2 0 -3 0 0 0 0 0 0 0 0 0 0 0 0 0 0 1 0 0 0 0
12 2 4 1 2 0 2 0 -2 0 0 0 0 8 0 0 0 0 0 0 0 0 0 0 0 2 0 0 0 0
150 179 27 -56 -19 0 195 66 97 0 -44 0 0 145 24 0 0 0 0 0 -36 -25 0 0 0 136 0 0 0 1
1855 2846 581 -587 213 0 2272 1143 1001 -198 253 0 0 2266 142 1 0 0 207 0 -112 44 0 0 0 2385 0 0 0 437
7165137 10898937 1103831 -1639417 -383150 0 7778341 4142491 5249643 -3583 -817531 0 0 7244113 1447947 23 0 1 4096 14 215392 110010 0 0 0 7802297 0 0 -10 2208
60462683 91971351 9314679 -13840725 -3237339 0 65643021 34956310 44289093 -30587 -6898464 20 0 61129054 12217793 -1206 0 -281 36972 -6597 1807708 926521 0 0 0 65837440 256 0 3969 22986
64755085135703 98500633950120 9975950872605 -14823308654680 -3467164452654 81 70303183804620 37437948567490 47433298786292 -32757360033 -7388206035464 21187032 0 65468761996687 13085167109386 -1290654093 53361 -300642844 39594289558 -7060526077 1936049227057 992298115139 0 0 -348 70511409776163 274017585 0 4247877014 24612939741
60982687193248093852 92762341937167212962 9394787938720864807 -13959756185525504196 -3265179970990123107 353494 66207573703033449989 35256948579342858244 44670005566466264080 -30849051360339345 -6957795736868065238 19956431416798 376 61654787835719730456 12322872398235935056 -1215480899863491 49382030612 -283133279919492 37287708079556125 -6649283204500089 1823261855838346219 934490386016271021 11965 285 -246050515 66403669103815309033 258056794625764 0 4000457784442224 23179156776724617
-1308679758770314329812895192664216 -1990666611404130912736959454601416 -201610807578592758760812424514290 299574374272392353569580605247021 70070295906048218852176480536539 -10635976268859060320 -1420805077150601897242478191309247 -756609081780514879375867391474243 -958611940528976990980774721679529 662016236917658948276718230311 149313302932079368711238205895349 -428262167791521038165521947 7758438583366068 -1323102942581025120584104305896737 -264447081946008672295405892710527 26084046537319675543657657542 -1059732659991320600741567 6075999758325127323495222777 -800188890663160766048865833486 142692668045040142438655135652 -39126939062427799433729746482104 -20054030237622207283939200031893 104515794288289177 -17828646195130875 5283208056206660163394 -1425013256448730862866303235491258 -5537861965850405608220976011 -157400404493 -85849252787336928729229065902 -497421394423094171131965898130
-9263429985203138351795085521262553 -14090842817001355226317996328204069 -1427092906227442525418080694271508 2120523545073337381669235977769160 495989393752108482103379563475286 -75286272914400832640 -10057103937461996487809689315807081 -5355622877386265797694672358366427 -6785490899938663370232106422896466 4686051739286284551565448773455 1056907404811095719237759899732023 -3031434222208636366945400199 54917753669398545 -9365523833983819538489580228850105 -1871876608453047422501583819172974 184634733753568451694514232856 -7501269300662889193806425 43008687170529154282903349672 -5664100566941313686336927847622 1010043542722093149922149240964 -276958253622476167739872309447854 -141951538397686952332714138641312 739810281358660981 -126199260568161872 37396947265313250781850 -10086891342693990067758779143253911 -39199503350290764040436058346 -1113234602298 -607680020377755687689822508565 -3520974653654106914758869886927
-108954169384671347441029504903000863 -165733003596796602156673528104142758 -16785113341508995736782222121084796 24941072786554631623562144866015065 5833704416850799026836842925465081 -885498497268299431181 -118289165856684612616616049154599205 -62991509956381254941983624507172302 -79809263528842963857236869276424373 55116180050270592418184139934865 12431083150802947625000211138689162 -35654978582727023584094009520 645929018202193941 -110154971950346423493554482799446491 -22016549095785609174407405367206372 2171628013361494880565238524968 -88228071814647293551012223 505857527338715657855791930788 -66619748145999926371181073107404 11879882010812564908933976762618 -3257514390011801776481925665816035 -1669598840138165453384609532213519 8701465314154305441 -1484324449518817796 439853632328738494054200 -118639517940131088201898060499542697 -461054850594729675039090214634 -13093510174642 -7147381906883017468906613593170 -41412831902021609789906202938694
1 0 0 0 0 0 0 0 0 0 0 0 0 0 0 0 0 0 0 0 0 0 0 0 0 0 0 0 0 0
0 0 1 0 0 0 0 0 0 0 0 0 0 0 0 0 0 0 0 0 0 0 0 0 0 0 0 0 0 0
-1 0 0 0 1 0 0 0 0 0 1 0 0 0 0 0 0 0 0 0 0 0 0 0 0 0 0 0 0 0
2 0 0 0 -2 0 0 1 0 0 -2 0 0 0 0 0 0 0 0 0 0 0 0 0 0 0 0 0 0 0
2 1 -1 0 0 0 1 0 1 0 1 0 0 1 0 0 0 0 0 0 0 0 0 0 0 0 0 0 0 0
20 10 6 0 2 0 8 3 1 0 -1 0 0 15 1 0 0 0 0 0 0 0 0 0 0 8 0 0 0 0
-192 -285 -30 47 12 0 -213 -108 -139 0 26 0 0 -193 -38 0 0 0 0 0 0 1 0 0 0 -205 0 0 0 0
21033 31992 3223 -4803 -1143 0 22818 12156 15431 1 -2427 0 0 21242 4264 0 0 0 0 0 642 322 0 0 0 22882 0 0 0 -19
7611939 11578575 1172664 -1741673 -407058 0 8263404 4400808 5576961 -3808 -868509 0 0 7695840 1538235 19 0 0 4361 -11 228785 116863 0 0 0 8288824 1 0 5 2363
-655132476 -996535573 -100923164 149949588 35071310 0 -711245185 -378761983 -479917856 327539 74754731 531 0 -662347524 -132388672 9641 -78 1895 -391771 53735 -19614232 -10042916 0 0 0 -713369128 -2180 0 -32380 -231457
-248252184324 -377622815078 -38244897600 56828259385 13292101371 0 -269521983159 -143526218674 -181845487069 125582272 28324235438 -81240 0 -250988214176 -50164729217 4948057 -201 1152597 -151793164 27068325 -7422249805 -3804182633 0 0 1 -270320260731 -1050514 0 -16285318 -94359181
4549294140217238864 6920048919298946806 700848973459772365 -1041394532392881544 -243581658868325444 36979 4939069446558597439 2630160082412760910 3332371922592064291 -2301331985273539 -519049927633677473 1488745093941 -27 4599432690273974981 919283386353400038 -90674589616087 3683892527 -21121676186457 2781654264127549 -496034965192123 136014906174292282 69712763291669470 -364 62 -18365742 4953698117395495117 19250976277235 0 298433211051149 1729159650940123
343874427223985617849558255 523076280658399791159489659 52976139130781515897230323 -78717475129821343746215280 -18411977956126150423558714 2794755726662 373336967144033038164258485 198809917312554717720917865 251889073526452118155492568 -173954286950191257490406 -39234217675175170815405707 112532043583673029083 -2038641307 347664326195384716917885544 69487273892495766211567470 -6853958351990408402914 278459996819608284 -1596556317697150466857 210261138833801457225208 -37494550644809396476987 10281165937618497901965864 5269484849352781870717239 -27463028315 4684732894 -1388238896537400 374442726773997567177638631 1455152873566015776699 41490 22558125799692998381284 130704624985507032218981
-2927605916627565361086380708977848 -4453257040558025063511089541811202 -451017133234916890980064486416989 670168316360262899907287213003109 156752033107890936687273292263751 -23793404643696242954 -3178437904586425431881618288883866 -1692586142293614864748400040684421 -2144480320746690219495288573982912 1480975493901417672536019482932 334024046880578444062654736967810 -958051691326154983038480967 17356156502104797 -2959871562961486219401755027119115 -591586166555746718176147218309506 58351791918903218418770853710 -2370694270039956013864975 13592426048229485506268910524 -1790077148382236514409919635073 319213234886863835870095578089 -87529632464342357785161433913535 -44862234005252225214816274969854 233808962832122119 -39883898544203646 11818896915356863256498 -3187851888816614975394735150189347 -12388575087250116121777442390 -351838836000 -192050636310310946639810832799 -1112765600301280927883411135987
156633229442578648919598542290746030127157 238258854389806782954788276632659128455374 24130389172698817996659947937535631953538 -35855450033563210922819314772550567270287 -8386571781376275874828667740841851697423 1272998455018111211754103258 170053281676506534744547430316294020482664 90557008397702120475656691094124612638929 114734321380776885035736896104911635106034 -79235382404990197297814975433554847943 -17871006776299008420178126021520086022774 51257831367619264928675135374085357 -928591798575116494542962 158359511097028881236850428372956209043365 31651135569476922373249206080480717237165 -3121946693750276211963522807907651327 126837255461324277787741317716641 -727224103422405758917702906122094590 95772987446841854187994946900653413140 -17078596397543267908215676855240212827 4683024080168928597018649426815767141967 2400226257346115791395630424237053362411 -12509283681893960207089379 2133874575585226375994190 -632336470488412674498614141090 170556950132537900076562991223792480242227 662815481102443982829563997557932613 18823922820560942480 10275123168366301841848136376017160011 59535359113011497062730250200929494063
