0 1 0 0 0 0 0 0 0 0 0 0 0 0 0 0 0 0 0 0 0 0 0 0 0 0 0 0 0 0 0 0 0 0 0 0 0 0 0 0
0 0 0 0 0 0 0 0 0 0 0 0 0 0 0 0 0 0 0 0 0 0 0 0 0 0 0 0 0 1 0 0 0 0 0 0 0 0 0 0
1 0 -1 0 0 0 0 0 0 1 0 0 0 0 0 0 0 0 0 0 0 0 0 0 0 0 0 0 0 0 0 0 0 0 0 0 0 0 0 0
0 1 2 0 1 0 0 0 0 0 0 0 0 0 0 0 0 0 0 0 0 1 0 0 0 0 0 0 0 -2 0 0 0 0 0 0 0 0 0 0
2 2 1 0 1 0 1 0 0 0 0 1 0 0 0 0 0 0 0 0 0 0 0 0 0 0 0 0 0 0 0 0 0 0 0 0 0 0 0 0
-4 -2 0 0 1 0 0 0 0 0 0 -5 0 0 0 0 0 0 1 0 0 -2 0 0 0 0 0 0 0 -2 0 0 0 0 0 0 0 0 0 0
-16 -12 0 0 5 0 0 0 -2 4 0 -23 0 0 0 0 0 0 3 0 0 -9 0 0 0 0 0 0 0 -13 0 0 0 0 0 0 0 1 0 0
-289 11 -37 0 28 -64 -43 0 84 82 0 -418 -61 0 0 0 -143 0 88 1 0 -65 0 39 0 0 0 0 0 -156 0 0 0 0 0 0 0 -39 0 0
-76488 -77476 -8064 0 10234 17718 -8600 0 -22502 7856 1 -89860 762 0 0 0 1798 0 13874 122 0 -28813 0 -6356 0 0 0 0 0 -43312 0 -310 0 0 0 0 0 36942 -122 0
24624690 24482008 2672721 0 -3217907 -5672028 2674425 0 7030221 -2653464 557 29140835 -30157 0 0 0 -331489 0 -4535705 -93 1 9122996 0 1899714 0 0 0 0 0 13923031 -557 3814 0 0 1064 0 0 -11581842 1206 0
-53397866586054 -53082308914073 -5797304877522 0 6976372285015 12299714402298 -5794431249111 0 -15238076458081 5757760730767 106843 -63196692642407 57936398191 1 0 0 714273324621 0 9835423371071 38030432 1552 -19777468942560 0 -4117250427730 -412 0 0 -13 0 -30190144593575 -107391 -3128402421 0 0 -1106218 0 0 25107085480086 -37816354 0
-205556943452532985412 -204342193227983364949 -22316926631170509714 0 26855787602845312762 47348178110338467026 -22305864501441117109 0 -58659504979280606990 22164700064781490615 413725772248 -243277864942860987796 223028176448909221 30233 -30200 0 2749619993793705944 0 37861804132859927150 146398842336607 1975484295 -76134054127343492796 0 -15849498633278372733 -658497602 1 -12 106596 0 -116218010974658054940 -413726750061 -12042894886605414 0 0 -4259611471225 0 22429 96650598241630565926 -145572047583669 0
524522708342243782065737737 521423012136228137211346686 56946433440035064752234319 0 -68528312454506223496239065 -120819049944866395536980979 56918206039158900034502708 0 149682330866398818990482115 -56557994647635324767307591 -1055710125251933429 620775744454550039274520700 -569104313300310887349173 -24281226401 24216657774 -44553686 -7016246213009831052246000 0 -96612528445564982147893411 -373568102420173744584 -5040916683483848 194272397697773448606168661 49231368 40443401275392194213775375 1680161577380890 36012549 -14490448 -245398020838 0 296555226258522508188186954 1055712826813217129 30730033907429010041474 0 0 10869313757782983229 0 8630494030 -246624768305648497979328138 371458357833773066453 1162
-68984864816343085103301587997360 -68577194909315535946883997098898 -7489555647742222070796787820397 0 9012796387228402890041783831104 15890038114893864659579982633400 -7485843199448585210432133726293 0 -19686116913504933244228262211160 7438468445687977849314465182419 138846267506435160723581 -81643997736166123159010454501583 74848206750666313594100597290 3193379581292177 -3184783086930712 5920072389731 922771862542220714332463190079 1481760 12706413103536616283940860766674 49131419165056789721975000 662977885251927718792 -25550571747569065462210379115497 -6541816001102 -5319088240266660023218115972607 -220973691477097417606 -4784713553395 1919212397901 32274554940527942 0 -39002738811216096165408227348783 -138846622814294934039192 -4041592863740075875564557695 -1888921 54208 -1429524648411817339494418 0 -1135369185935205 32435919420339194446502270423517 -48853947012230414126740489 3757419
156892690957563561457907220458491653226566 155965524847921215899564210277168215522374 17033541238053054979524892489003745439580 5615305241 -20497856769154282135499592192761709114841 -36138808793799786533585723637744086056680 17025097994678147133502428837001894748901 -3 44772253526737038386929910988310257401730 -16917353308640975074283807910540698712856 -315778897247873645623881419559878 185683432727778433652169237788517659939130 -170227724613559965489536292544409202004 -7262723400267857961835076 7243173932874012958381536 -13463123459646753345122 -2098665570188568196433095045884338123478 -14273226163543566 -28898271375028041203655006519841168653387 -111739880680951857748651537290696995 -1507814572652798431301549703327 58109818257275390295813167851036016361592 14877046759321800516856 12097234221997946990418006803669490954541 502561789159000383651750399755 10881178246690151635632 -4364674163352154410901 -73402213847185041320548983 0 88704162327458780602492057202483286207307 315779705326659881665234321412655 9191818840773365460210637092347952687 16550874155947959 136735434675127 3251176464237427176015303731090791 -13177520770 2582172419091704592099026 -73769205681390203173838682941795375284720 111108824102981951942666592006086401 -15428219327712764
-195636544567593618617069770376507544862268299289439745 -194480419493674981075405664858368263009173339290772169 -21239887780774028960059213659330902483752120378746872 6776580577431949715 25559698446650168232339462351791682842678902821260442 45063104176855974585002987940195516717363342663696533 -21229359521307455209914561713041775458158028221193556 209986145660055 -55828534261320403655843262202471718363444260972189036 21095007831989219214840239461555770217857051617056877 393758892959831527948106153097921911029252761 -231537013869801005044576515341220075287902013752982058 212264597093363201455368025920803005784623878964156 9056216076446630680138600918677548007 -9031838966842249744897726011708362702 16787773734739237526850336242430091 2616920379456828083605499042860026030248606113374503 17794518390893555539620938884 36034552797085151601282799704678700634368433144613518 139333476998807088046842550811862814450040031888 1880161727369719663147024382559218805484251 -72459742897641775178697463025355517562359354579387646 -18550858249226622082145050781909578 -15084584804888432486815350488115176260656275856795803 -626666871877209726681754620853055602516949 -13568230195641072818663935602424979 5442508352258994020885248244560571 91528517950793154134050108612446026377 170 -110609204932311406072216896854447305910045257255817168 -393759900589572040411169287986786441560616626 -11461691843800413907807049396012693368998087423532 -20634282948646613781268561228 -170394471572204475375678918 -4054037988391287112578264251772858582626750370 -15972256706545790031 -3219826791657505621717415590628007391 91986136555633677608745341324110329089999106066786842 -138546584202290037277529734920234721686532759960 19236017910519375027641714890
592413970073069388673577848507385186318678282051264835027758544874 588913066668467892321326194641620419236198348227162020209006776689 64317258679486549258099221252770495608740071900101296980489536725 -20520496984063014868075580937332 -77398230806611207596174906157978328882746976015197164587332301526 -136457186504865549155562289740457619629691242157603673282066074683 64285377683007400245186365679467030625304166657410176031697075851 -635867599982304605475275539 169056367756904758629233954137936729677191474987152631484125765865 -63878542560096402822071733895509344565048551072945623385846062061 -1192355291009113886693842626142081005391166148476879947372 701125456435776179139071096200643486713707402830693909800708277777 -642765966593694980984359399674094102946631755667989873777774940 -27423449599078632021785853586856117676227353971634 27349632407553619731091023091582708695033921999704 -50835653987177768284171017567932977495754438930 -7924389560169851472956031480938953348759222340079462027664035104 -53884213242360027030762340939962772455639 -109117509356505703975406233011505711374780905233017156351868806529 -421920651151292751950288991150350043333720732190135422994382 -5693384514393214964764053150457848888840592214316461492 219417921408004655750971297476230231725431765505784613691769501426 56174512834385370667521319955978834940544368055 45678167087439537562697121816241014092554619531078676218207521218 1897632215405345721042555347547900899819977630965819137 41086439830712949154622043638603404723547106284 -16480652872110011457535219621740290250408601108 -277160756513971608563804573437856814246625916301178 9801265081734486 334939662553365864235229053608705774926653123749397524199345772507 1192358342248524499165858727016067051058496683259953304141 34707556218331757484124815641721130443695226526529293830436783 62483405174771006187978595145582204094217 515977552176806014388743297769501546629 12276176441565247543904155676855467710087313839541990378061 48366375252079797168401477287072 9750071883601552388168745145393156722701639666165 -278546487666973071730857692034260506882919267837560248609565158828 419537833121885660774541497997944713875699814835597383882752 -58249269143192657889458192676525969919931
17757909430905806635323095948566471467984373824346699656081471735829888957068837533057871 17652968074479665708500186386282790320995797471424547002493323965253290807606389510951442 1927942472952805218975074460452782962783701131804424498643836495956083517102593911509628 -615112312215232495842341768170979087948870246765372357 -2320051251672239893484684722008784370208534979557567490775610910951686520985232691892663 -4090373423926419925027027247217208162130499620565422523947473338168652547306774460453913 1926986823902236869985903254977963750043512761038176822805146259949424506486890574340847 -19060454042198686303652777952719454962247725872099 5067550427574718619002790573662719764485630163046159599874266355924003027764325396187050 -1914791734605011424028441561354714484556623562280230715489580929969761919358472570972508 -35741455024414050819539390220096007478309793853901864948956420657102233209706065 21016591410822635740925156126745544084502278346767247208360273210395389088359157141644116 -19267236082619080702772390254939112512693054872850011799507896875505207053389976837922 -822031820423450073118456454379798863028926779194534358888389325394648300 819819112641789700162091638498305546726112381217036435720217092899968852 -1523824529752098074860769007419570859208488837833047054974017231889849 -237537599066671225472621991345395436731956078327403660090857162148592348868606557547149 -1615206640713456699036319236335909003043260474719682087004874558 -3270852725231726097554248053881635609772275203000386589210369050665551955171889144128203 -12647285662843722287942118229019844040506717105414190949810213913829303167191689377 -170662090479477000855151371616592154243953332635420319748811464626361116999455 6577163559124653394809169029462993554573451102396688814763793599773918719340274555596386 1683859533419228215994190091754419568774606682819685944775284661281140 1369226242265160055220377026899255001515336362706235308173682592662633843479364506749582 56882488794416679981042821531810687349292316087050757396876508542219433573878 1231586887227136376085724874971289716856409327386568962599901717879932 -494015934548318971702735877650893469479088793750306202011251735367194 -8308034348631888974251163918811959182267211317275276137379427480732017512 293855891775417455717461660939675402574 10039986382676303970757792019570729679565613734113105522072731917100240568995600968411076 35741546486864031503800579645862930956232937075025433430536056530952309784710161 1040376613362421731353749144987701330188911049315684536238235179075435922560519818767 1872971783382012123416414332723117738961040383747116325169106578 15466689009386552664554919122427976622506443936174359507435702 367984619573111660759553729547993407802742146385646418931140913817502751389857059 1449806646392722332195612742332227306640071143673344235 292263353331222160010747135854854469695761291518887954571931923435731988 -8349572343266872859213343764200894791623728228677632058291554224096637665060570047753828 12575859483019972509074698532005080901074520885213087600842854140696840155284746366 -1746051406812179978504919866296908173044674410004814558127607994
-19100653185071731191589051891551370874934158904867804502081727651691159000536909088633867806416077568192573 -18987776809523932696607097226717022956754465319890299427269475170214849743664299759061079675602745171542528 -2073721610075960285893925063377985920545624526518588825049296393174933046089252199112365827119765837566273 661623317271948431458657985534550517314397357148034870501744547416332622 2495479239952549070104271266498120646396624487377896474330152047241157585632383137311653068740091060080712 4399662272850531822226366443264078542588883991303405027952654142851795469844596305613372841698507857761691 -2072693700729278928035540709200133342447167192242401681517496269049825234581083289980100574786455675697702 20501688198522652664740477533442417477660591088590603619396066820633 -5450727383850011978268849445215181297997215682377404634958463925693121159023631532856649609717233701829373 2059576493879361925092717356788318885237888375950149099419921526046991476538327110586925688949517001715313 38444003749846213514448471729958611766670899596463417510730764179064320172616102850001778460191058 -22605736628650219427627621216225510618000324581934101223504726386511440271759599803539141232696323115794954 20724105823431665976461336250369550111605460815494282195940074589249214783349529566918495947622966190783 884188804436344111023252583570234632229666257614816586189545591086278408912930077160823645 -881808785318561710532993340631978735408519350568932481029629086939630208713522549572084194 1639046756655025111000948443636521690419609696815273317944621821300889759441310658710250 255498729500822393861104369314506420852522535075548154747641032806177905088371217462615095894501469126592 1737338620096724145637333570721974910744753206062781313463403012645056550539863883 3518174465704048550073685290226390429334744173933631361696502573948467364946109471333866719886781346177254 13603595519981529608530569504135117562664117417750488431738112871795079698952837487613876715676008719 183566506787930305867979462932681456360721566434383395382266951928626222875103431701738404577028 -7074488163887651731118823317159042598633330744178699350606031324984503305138359928748238172779061370960913 -1811182621769729308631299798556635420663790697154657545524195711947492991028316030366302 -1472758698717599701805909027115543652966976793548913579473189753808388243546964156101156624741795167968637 -61183592302534990095298983445660041304509691339556159600598717986933911911157302567513690224152 -1324711903264147270932964806030689764064777177092073769027065085655859339414371524948450 531370377263221453504155762107423593244650105289034646209290091408964126064143428622611 8936236743425407435202479602410866840516638068699709789983267059595779757923155122645905663 -316075464684128536539418810636527544715745579663859350932 -10799148324553709261801947859608739436479104631409358059208318168182181767040127840710757316345935593954390 -38444102128123416435684241760844617417794247120626160502609079254796917211179386852754545304197082 -1119043486003489806155409741223898784031795160167285509512555639467364040271318547010679431740966313195 -2014594375481071337003753814073317385608061581315469759725137209645029108291785888 -16636184785101926804690054340907167500618421237680355907834584372531812532102244 -395809350377345506193479273758408748638023633437915464817441783228427505804476646889270346908807294 -1559432096773948519513233314605045733333859602570421534118047909035770535 -314362508289975080880804244183688314653816644984952893479358167459093916675147246769716601 8980915585414845773780904017045071348659352525859344848959607547645763859458872459646756789448671168922450 -13526768532297179084047684656052598736961635056123221610173897706849903223484340670827884823786128543 1878077061637816219402239076589941067452191621335206033011871925016068187374103889
295181438361896143398562654222444627602316465548638405647713968392873720313705299275667887661223210430135379796127326 293437047184880403283869791715369842774303023639658875316712652723940793702087530167847943734596778131714507690037024 32047287686621085019027813344574775299305470879153684806044709296036295683295352315644565730247567133371232292844384 -10224724806727570048230063169294479723204764902323379622541382331522384689307227433 -38565128863088064938435287252079484270949171875596917679240812487613553944540893550947414302208417566215201250613557 -67992367874706897233456441396962517283063565020644950424295603406241250939714400280113892313631781174069195813101720 32031402378588992152320757200458436334299409161216933290870569814861104371480817078756521379226092034173959884166521 -316833029355079679209797175034852460097689853678652320600148098164995058688639 84235525020731348167819920247886558365994309764077376715710411370332651709105363544877151362415930566826019019905192 -31828689102360555317551631761406905952712702158548499190881889417243991511888804230529122712033470658194907298460618 -594113521318675144935667978699226042129754545390842797896561436813168553223701593032535716058786581420391741 349348987629928188505123865965545866991150103666533119378767227851483604927633192734639789793602503426401325832407723 -320270270678794792347034953634983779983247844053209487982244108467721137034469762214035222355038557467918802211730 -13664251193304162362136851540448139661258332898499237005739577954027298336850858043035663522844858340 13627470384830822095238145106666123810127413147796477355649439683305591054974212052088913787973046823 -25329823775344054750062697912572781091791864700745999978792501154178224204928842835248675000085353 -3948476617157454153282828615893953601575511944032309008711805025684540075886995553897471126762638244632058837212955 -26848825945001156802645365222296733979353354592563350363773392057054111267907426761918202804 -54369857885606988454489198353708506879842463554128878121985400059085731712917107997235248491463565422463601787212843 -210229925310615201103694763446209618014941949867135585320564924076445945088568816551040941574808408400079021111 -2836836258096089290804627904665228326089607331683708022486388209972413697899064587055822538685079785557662 109329119358214470583175349044613070607713334708589505671023087714149839141905078555035539467177242044707786337372540 27990010930511068339931190905764019798188303944042223455604328119808548505819643581993887192283288 22760008615162074970237817832542505665076323256950503563635374827396805430817721685109707181205664015548655329659592 945531056190542074692850646159689166168637175917395494984490659113069279729666032044702951465637571723697 20472093871965013980513979749783031237056380379226148664013821942191803931735994314859723838545974 -8211796253441688856844194893599768081910532635670284378615994657808787438911351853571379330759050 -138100576451926835375034001618553480723900413739027887205820147497269949480157187333246934982414628887 4884629305205375289583465144519699555133548066049038188903870036980 166890006568812192154473100659928216851320944821825929670943320386667518328613238855703298118214741746895673413355438 594115041656282814794611656016071315821823938955116558197115519556506721768688112522666348595273898035681418 17293694754176545117325895619136440228708293914034106656684923862544307195621110911874354039939848857376195726400 31133535576419884010951403087362152216797082604276391551477724576348314513484212559237071050 257095550929047302900024053868578989228879232035490458667545725146880804968925013276077961 6116836541107732729603600962435238726548917761802549846614115527557584639607833882600897580789384434043990533 24099459054793212493359110963014155413174314228029239888798048532518514460946728603 4858157282108667496180711475296799627073003656763742936469598561071607185061952350929098301946947968 -138791043145133629088290222817816018864354165916795138853526364298173155614301298506387939445593977360552132253279402 209042641268025371568204045873923708137610861847394996469287698205532922839971052835317372984719232093359783299 -29023797408248275089675886262293301496103753392774045556935292174705732964917578315849839907
1 0 0 0 0 0 0 0 0 0 0 0 0 0 0 0 0 0 0 0 0 0 0 0 0 0 0 0 0 0 0 0 0 0 0 0 0 0 0 0
0 0 1 0 0 0 0 0 0 0 0 0 0 0 0 0 0 0 0 0 0 0 0 0 0 0 0 0 0 0 0 0 0 0 0 0 0 0 0 0
0 1 2 0 1 0 0 0 0 0 0 0 0 0 0 0 0 0 0 0 0 0 0 0 0 0 0 0 0 -2 0 0 0 0 0 0 0 0 0 0
2 2 2 0 2 0 1 0 0 1 0 0 0 0 0 0 0 0 0 0 0 0 0 0 0 0 0 0 0 -2 0 0 0 0 0 0 0 0 0 0
-7 -5 -3 0 -5 0 -5 0 1 -2 0 0 0 0 0 0 0 0 0 0 0 3 0 0 0 0 0 0 0 2 0 0 0 0 0 0 0 0 0 0
8 10 1 0 -2 1 1 0 2 -6 0 13 0 0 0 0 0 0 0 0 0 4 0 0 0 0 0 0 0 10 0 0 0 0 0 0 0 0 0 0
-83 -61 1 0 28 -3 1 0 -9 24 0 -123 0 0 0 0 0 0 15 0 0 -49 0 1 0 0 0 0 0 -72 0 0 0 0 0 0 0 0 0 0
-92 -91 -10 0 12 21 -10 0 -26 10 0 -109 0 0 0 0 1 0 17 0 0 -34 0 -7 0 0 0 0 0 -52 0 0 0 0 0 0 0 43 0 0
17574 17470 1908 0 -2296 -4048 1907 0 5015 -1895 0 20799 -19 0 0 0 -235 0 -3237 0 0 6509 0 1355 0 0 0 0 0 9936 0 1 0 0 0 0 0 -8263 0 0
40702961 40462425 4419043 0 -5317797 -9375558 4416853 0 11615349 -4388900 0 48172196 -44163 0 0 0 -544461 0 -7497132 -29 0 15075538 0 3138408 0 0 0 0 0 23012685 0 2385 0 0 1 0 0 -19138082 29 0
312513613181 310666796550 33929008962 0 -40829558358 -71984677191 33912190916 0 89181584142 -33697574920 -629 369861719596 -339075587 0 0 0 -4180319403 0 -57562293992 -222574 -3 115748599594 0 24096408527 1 0 0 0 0 176689290648 629 18309129 0 0 6476 0 0 -146940439789 221317 0
16864103212280047 16764443853564820 1830903630729695 0 -2203276456511606 -3884493265733695 1829996082220891 0 4812486164352215 -1818414806542492 -33942486 19958766435962867 -18297461149742 -1 1 0 -225581654363308 0 -3106221380680939 -12010711711 -162072 6246116162304785 0 1300309181121000 54020 0 0 -8 0 9534645238851342 33942572 988011491761 0 0 349462905 0 0 -7929314558288580 11942880615 0
2552287076826564900790 2537204193963960521431 277096956583109323546 0 -333453487318316040054 -587896186198180738587 276959604225770334749 0 728342686834288580641 -275206843354049479333 -5137004111927 3020646932877766934837 -2769217730903067974 -118148 117830 -219 -34140513370517295716 0 -470109118040819837870 -1817753597618354 -24528712106 945314515734197835497 242 196794473864309464883 8175536744 177 -71 -1194087 0 1443014877157886755465 5137017257530 149529976805498970 0 0 52889243109485 0 42006 -1200057116614177874769 1807487743046871 0
-44780711977569304868775950978 -44516077861997359911232602971 -4861756780917339024304012550 0 5850550554870932419046483373 10314830970968059401404620616 -4859346888860413723064977582 0 -12779010784573887844974591491 4828594125789702718344836240 90130418185486385044 -52998238918842105114198999654 48586831292087825784758781 2072945034988 -2067365176021 3842679107 599006479283826116246404528 4073 8248218315312033239661103937 31893081714909808209669 430364280715982075 -16585852524843187573367233369 -4246244710 -3452823443298644714129923563 -143442467548397375 -3105733703 1245776447 20950647074383 0 -25318168234311808790807754070 -90130648829394401648 -2623552375489571206156908 -4723 -39 -927959077919363727655 0 -737010237547 21055394819672765084269435020 -31712963937037896917562 4403
-954319395832957932421998510160975727116 -948679792125542384673826052896499959603 -103608642849980484445692199592550573473 20587 124680774919596666392714635875475950412 219818819880845356455814368326966550398 -103557285767204766792737141037889513450 1 -272332826181638670256874436311146794732 102901915252137131369488718141054369050 1920764597758724708675660676637 -1129442679932698251575759348892463087041 1035431404202071527641679764430671226 44176422527342992928848 -44057510446979584286459 81891131962231574117 12765395550131156173836200872904884844 86802060749105 175777346356389459343044704058750157230 679671785671237131461521027861998 9171470533266286319902923736 -353460230127900809715757490108896892730 -90491497258885590404 -73582938653971213500657408286706029249 -3056894875546944945608269953 -66186127297283545745 26548676240435823491 446478137023668055315135 0 -539554150569740993175375130076612683124 -1920769512998908052511196137993 -55910386578208895395909514810628008 -100654495734419 -831188195412 -19775687064584822453679781404819 -48651 -15706386377312247277924 448710410709847396650583248279649159214 -675833305187863015188900585580259 93833725031825
-758888359734091826881245595294170714059677888 -754403666636834459016139007335791422307256977 -82391066733028870630318085925881728857254164 26286974785 99147925927380064987502224208630190470045428 174803052716386339178444008780903573613300778 -82350226850198684154799661606039394344722342 814553 -216562937592131292225929678847550972676269511 81829066893302219277973227369687807533068739 1527419332975156829061446766286636696 -898148886557714786144221014125014317577479212 823389782690341786636730644384604617926381 35129719648455309119970258219 -35035159070503907335127748085 65120993121719987045534927 10151224142248901072279744315401127246337303 69026228733280198908 139780646434813725052593081754907222654459277 540484672990833815441332715892308711645 7293283841585352946563394453280225 -281076603330347577502785751442602491527532775 -71960125954643374246031473 -58514199610065192257785856756898010148921056 -2430886292485489932822442268090676 -52632149992339661711241800 21111885028504448580207433 355045766168554302660269664910 0 -429061136241710850414458540838665575815417193 -1527423241644074933933177000216366002 -44460734789322824028910479087774048834196 -80041881621784610308 -660972525990057182 -15725907683096447624937622591982582672 -61957840786 -12489941886622350863308037755 356820901960176509229918628835030476042588351 -537432258704150923139260564064612888104 74617910023852724782
4671588152282400002961278405850966593327145991832045443685777627 4643981141486884427306397293321377373690693190665455110771452642 507185446010518611698040315911256274599165199389406496015303315 -161818112725960490500757285624 -610337831836049661403276323757248310029780199783616931286008572 -1076057972926082079735766439427908639558682524397465609591391741 506934042611951593528933737554413635204459353220407648767724615 -5014249657433725442375895 1333124748195323609576040679356170483623805477696984062861417171 -503725870225522302610618929971604748907385758068654703145161551 -9402534599415966236663876384068283673023628787196106816 5528852358334784232845847813097480475721804307057495697122164781 -5068647982523246999818943755475977266802197220245577884089199 -216252601581910406874216497354851177139235461862 215670502686908868349450984783407030712128577179 -400873799196085142334068454977687810245132457 -62489215740124710582191712468011393065587387792505674230824536 -424913767896154304910382742214658342990 -860465974246931167178069334814860975712243837985188192544254797 -3327132064219456652347715023710900144485181862370416328359 -44896219514450155502966210827438399756727047807498771 1730259942927470621846348874329278159190139155811967516192849379 442974342055070804679464815299646344666610479 360203497829969399321378659425534517113522913308225706680932267 14964124113723376391868128199588588261565324651887564 323994597070268654488526760032587455926185547 -129961186920915880335991635424286738940274019 -2185601575615436983157433670462292138642402784878 77304916315611 2641227652212145015561611377998592945436006515211927984866125463 9402558660519519612063219151315150443653330462114295496 273692749690280625122245300173087412504756704368367194544340 492724260524642886315141362893972663838 4068834871155272674097892671124760152 96806023012372524069725408615470686413711983637239597923 381401852438834308137449105752 76885965889218893722366795209763642085200129853 -2196529010759837450360814074973516946823265675386567858819955245 3308341919088594734756260178179889105980565101430615217896 -459335210435507222759807106757681650417
-1683532299414505705505950923451772504725370281819186579112658793618585763307955579812 -1673583371373443698344875616296141036366467860334195445427183264810044008177561209289 -182777901715177472192032422682980263101022245086076276061371503203826681527164846072 58315504390375817941432181811096106242609020524215 219951635280304189081286894986876197384489673135938147460454293417835168155734850951 387786400344061838734575744350687497807036712234075575735538229700251485941716784370 -182687301746200462055246506611416121262406163511399177093360539177649513145666284284 1807019578875645498372686973865195759461734016 -480427319270242124582749508187447829456598622317509682684689368333121872244646231153 181531150634719321107750162944437241835170049369143029005492890341330299356592710225 3388455955122113675921382096293184966434310218543648732268939326650866207306 -1992470487665539889614120570260499841740016447770552293014076301165873302509181686468 1826623476808624904494204209516090580790310570698732712001925147915895657146592570 77932434908177770683397596835720679303417904833445346838831824132302 -77722659932464256068653000583434562949231198477882274511070131653940 144465643574741421309848954767814839539421605391431929155899495307 22519667752000438494598031264013680260677859453277874522015709554157993673483285694 153129092163142076413328006671419641283253075033252030166040 310092031439912960609854238457116873956412027102757089920481255837866877180392274922 1199021427390697147097906241238342374567808695656852839250990373563400688757703 16179558901666545214206759249951821096328506922044369212720578458289982481 -623545656283573588749611904270665678820814814115859842320940599120049725053441262048 -159637705283853849481952126551122247610918206662999768350851249015 -129809007813019694194586828240116730875733020127151860867517156608726860322607356476 -5392724156471801671853499706271794863700289617123034068589800145926232828 -116760157621577209749576699570353515653999887011714250803094334863 46835005295728323237365022088557436760884359633981395665715473228 787640247011525017480088967664992077962075794913289180511094132572318 -27858903498863824591734312456391331 -951837344743974339152639027417771433157675275936257123856917425014202123510420715101 -3388464626187214282827613312973558547753865330992763115846470728655701239735 -98632535488822572207628609467694904007202071292983034267712770997787635792087351 -177566425005399158062048766633771329312254193210653435215142 -1466313960751708232561012786629494857226364604725836345030 -34886651221505426780019847001850243225724160706115392280457362457915494581159 -137448404419724047148842527753094334244381671706982 -27707923457024217859767249194946054506969704516192560093111191725581 791578241846614947297256304314491122208516497880500173273114381554769492746999646364 -1192249893769301841952954067791547274827493265956108238081256439937490207354714 165533783762320962065096545896896718063326809536905648058094
147590719181509866280198703796143580736546559525188056567866801586303039697288955898910154303779456262328644717834078 146718523592998676266436022386175256543081247016812711714356568136632267607955420106895122481825941026235129581022580 16023643843371535479313622798309977669778836779456812190959205339915069898394025919168233644846252541620352862199475 -5112362403383244902824439340432871282400931596922742546965084851372678571349496859 -19282564431617430310653394038183560203704112934455577689711243454932612315010750856296455717233933415035259569777948 -33996183937482852904571415480551291743752680576758428448562911620980246564377511331129196056727877379252134769078603 16015701189355458812758379340033347079172962747345587812122741801844686347091751433321203118480736933698388431751167 -158416514678142841880160542490061291803371766661538753062425297648020267272508 42117762510525992638287889196801477796034923645128245032920876025050686136975258258372977902772087801506564197459885 -15914344551240854587849139134405943293267259525892810186247721985444619598870116593285529205534949587709317299394668 -297056760660468299923390886990510374728184538437221353628524746170299347521065393529076942106116033941682782 174674493815628981479850409011178479988567146617275985184143767128777953041747442286595522972733245671014058434701702 -160135135340006940267803299280059913397067244179382398437647162132123264637519006298204663989951734542457969977375 -6832125596678087227774115266053077191888480867297389684981879437894643866554213794543828222567869933 6813735192441347092433732745760575123990813521568663939365980884288564692977585143972884860211748830 -12664911887720235547643930597038774139487754749521786657339945366772516108024008918045193979496203 -1974238308586241887798606556476145703136030450667435085487682040388306103399834650397844573609743357952768618868666 -13424412972551677565970708088644350214349195788778390076446407200625190229799709638046103349 -27184928942906971910986805661519703432260981907741374607561263856401792152175144561320039003256138147295681304850453 -105114962655707713897190488940423791333831949225113925445819100566746391938784139727256161278008147617350131451 -1418418129053443762791241340660052917810494097128101057708808308209394873416760811972634397326672433116093 54664559679315312422496602616653777819222646975180798898311916048178425765231378328633316787720907180195566989237199 13995005465308805258242157940729883526319892171531597710309406464422779188387759168430654702202894 11380004307624354739661027223285475186561436428707988928499545780619704116470359868787063473699845526205596861891017 472765528097070588925294179171002825022827543137987892640863418332242412526023613808570298069035839757222 10236046936021469844632681593281933457779078671478152046773586931851502883130286543653767288888121 -4105898126736473265588766245512190347420905753145511611851865822847737947194785279819428958503208 -69050288226226253168984975867348875748935441395165851795415756903375774215006799043704442834049309830 2442314652611984158450190385666072680410015669581797506766249407519 83445003284723724115841998567384529869070865391628129275561667151045707454215311547273388082354421861718614083469098 297057520829272137746396390549152056805812001565475121938977994042654403617188579086872176610333984561945559 8646847377121186227120055597267051323268355621006858308144454221741699161961463313903463173221509569975950811454 15566767788269195905953641786774094495226889712730392074974016283879525087920102308030633932 128547775465012960290335608599706480125768223531058290839301966837543487603278804420610054 3058418270565508037260007823870825380540735902701420575870422210990739466626444471161441236265273392332746907 12049729527442472767200483747897610258834738599570548344610454519697547509322693531 2429078641063579879722070334871110287687215259100601654385386827374566685968105772611627105122518887 -69395521572830964134144775193165301215178948943308273925026642916272427163926901061224702090817408465324133082435716 104521320634410539469268534362400751276853143886599613603626250205959590766888959485786336976680093929205606227 -14511898704179376153986554446172330625691031702260001416657639504477787729867653391895815871
-10183575637030033553848375623850258056689777753369407106767052265837710718293980340563128852216797900261802713691948627 -10123395228701212491659816624718619192395823779255196462919431135203043669489707520862718463263106953621357080854641700 -1105611450128685077724448321986729206486449561795918854880431709612089190877803806951885169003966166516453648675163905 352746632765810480493893357200596034317937102294042919882695479592546760951439955656 1330472908149374759165492613782991067345252654471942885873378478556698165848479201440885158176339251535625687837161822 2345694312065621668581478678929960715978557365412016823920278307981962082594220692081088457881271882577244053599752273 -1105063416902883097205261221707725266484520701555088059947679844932933355700340825164915138399985684675228227085795007 10930542030868112577646847008867929744040414609989183135642386267105336346858082 -2906073109251052969761621508668301765989376589300058852184354019018628287002450174421863924441301433762113223025372256 1098069935224094288171938902097600248612515167586072883075087080638395680976552004323385181522713110869900761865674215 20496546174808466939798359049472783959425415734868113084449742657056438795504669314473893932146614006308212159 -12052322324168480729601999485461695934406536358952139242812836494993860399184296819327904470988192617371156076731198070 11049124714105340635693141648145867825525601668187214893880973857204671543591658069959945306057872101097829743212485 471408149247480934781690636297695611179220760323146223221590184357888449437748139759828929178729840240 -470139234280611777068657365682551052564458186433179517748352354833860934178717270291945212901923084042 873863132181807869900934025601732858324668082610262480660875184204306253867472526347780981135326669 136219982208264487411380484907557665252504606335534117436046405915110062166209170458735450442355960484841604239962105 926267760241621012179478188595620301487944317427614362419592481343625465654934140911659402440 1875726208345914012942159607865949717437625016707412399056939137638608808609581802426221756636007117583979822339864855 7252801387000031216165904176863038440008688024828188495555100295583461897371066351113980265232477788455839846775 97869082705574242755158899053616207042619370512664250265483892940864472546846649125200716958092925279580443 -3771786473068359136182581752203936677942542266881879866069167182298437655178405796085221383301177104056170270588860460 -965637930941633978620019205553363790104513028791161966094440925418499779650133288256003775088393807 -785206110920142329893490061478578292662781540529896091159215384938536173830359573194619595143433630574836147660206296 -32620232089499285417808452252922360045500768500021311257153256938041353314417618379420896834941778496409595 -706274478336055648361496874064621601951633684288319779331171544786484164776596326108873970105821390 283301852334893231633337360900851259605409586015532898845275849289304623884615197615326043992501920 4764383809565402100855663196459431495980890791458095718227222168171352326235061899496714917581351393103 -168516666442375919903992769847443215950282529286932699768752984374859 -5757601204159336174247212842106522618202137484215181533917998105539553478639036930516940321366121353687056815146381434 -20496598625508305815151453650022870751429677743722064453573085038227396319846208799105802787251513239998946058 -596621689867068373504715015862185478907876300035514564854186273010811341266116549614301289021084701246222026752320 -1074087571868015573804996301089965385564460907213964499372510061318811577136906269610182358262 -8869636259512947988418096385730439570573231606849007824081510952683347999905557878910307588 -211027048046801274530742156938410789542028168581127241564983247305557470929056554339821927144723266250328357146 -831416316208570814087073683962596387017559880738031280902236126881526037450823309904 -167603398145539377105450866156644480498912801847782305146053019888000679840742737866767533036366416724 4788204480113462735431543556429424552548313591690970654413315148592256030022014916800193375835927567050862303548263368 -7211840827564282250441346724329019488722735748541697144372274982863470591182090177429803918135707799565650116050 1001302920064929352663513764739802480632611275109284842588566425192145832206165797446667862442
