0 0 0 0 0 0 0 0 0 0 0 0 0 0 0 0 1 0 0 0 0 0 0 0 0 0 0 0 0 0
0 0 0 0 0 0 1 0 0 0 0 0 0 0 0 0 0 0 0 0 0 0 0 0 0 0 0 0 0 0
0 0 0 0 0 0 0 0 0 1 0 0 0 0 0 0 0 0 0 0 0 0 0 0 0 0 0 0 0 0
1 0 0 0 0 0 -1 0 1 3 0 0 0 0 0 0 0 0 0 0 0 0 0 0 0 0 0 0 0 0
2 0 -4 0 0 0 -7 -1 8 26 0 0 0 0 0 0 1 0 0 0 0 0 0 0 0 0 1 0 0 0
-1 0 0 0 0 2 0 0 0 6 0 0 0 0 0 0 0 0 0 0 0 0 0 0 0 0 0 0 0 1
7 1 -4 0 1 -11 -12 6 -2 -6 0 0 0 -4 0 0 -1 0 4 0 0 0 0 0 0 -2 7 0 0 -2
-972 72 879 0 -37 1495 1789 209 -1941 -1356 0 0 0 32 0 0 45 0 -275 -36 1 0 0 0 0 28 -408 0 -37 437
7475 -1466 -13955 0 -85 -11254 -16937 -21465 60402 52113 0 1 0 12539 -15 0 3144 0 -3646 1507 0 -15 57 0 0 10944 -10088 0 -45 -6996
-165916 31888 293183 1 2201 248688 368853 432457 -1239352 -1065897 0 0 0 -250341 12 0 -61431 0 68684 -31499 0 437 2076 0 0 -216209 193808 0 43 145976
-453204 88217 796491 41 6620 679614 1006047 1170755 -3361114 -2889672 0 8 0 -676356 -117 -97 -164757 0 184403 -85647 64 1400 6738 33 0 -581984 521117 1 -634 397025
8329956835 -1621975591 -14637561970 -764745 -121798683 -12491588967 -18490157736 -21513905406 61766082438 53101639823 26 -109919 108 12427933435 1990634 1681385 3026821119 0 -3387834112 1573791734 -1229096 -25668931 -124159962 -452313 -59 10693443895 -9574414488 -13386 11953860 -7296560580
4334247348635549056297 -843947613088583696178 -7616221784433350865063 -397923069344800330 -63374447948550911245 -6499630036063638074025 -9620807183442479025682 -11194121857873796091328 32138148695843834245997 27629862202324042116678 12771226697955 -57159542148272080 55376802975819 6466505381374761970299 1035627714741093336 874772053493437526 1574915824718364710546 410489 -1762758183918926714542 818875734384609686844 -639572223082726643 -13356012169567986854 -64603246429435368805 -235211573058793238 -30121756732955 5564015006027935663513 -4981760797901016843202 -6962081598728814 6220100688088540289 -3796549352083805750094
1957214749157460075438038367 -381101163915831264608945927 -3439254947225140971985416662 -179689963257399955316319 -28617979750027526904111717 -2935035946306031340866507422 -4344464959791654101391556294 -5054926196821297373099514501 14512614009145107030071089033 12476808454347020042308989725 5768565794496400402 -25811628660747005669134 25009168977846769710 2920077867430629430670766678 467658555728772556187770 395020839957756092672009 711184261370455346444577324 -33099310925 -796008178394367942976655203 369779466099689234503975783 -288811271834193977552046 -6031170526841513461050744 -29172867312126515551338203 -106214871078923578549897 -13604096599090985913 2512540564426229174486071850 -2249612210672652685462474877 -3143874378162019462918 2808808087109545176460035 -1714406631824727178618993508
-401602319604171674915777097882908472 78198425338013000662999817724156150 705703227052791623926416775022593634 36870714409251846882610962308631 5872144104239856014445302685667637 602242163086876552741465275513746872 891443928696352720491746470050284662 1037223987273358378501458862110991260 -2977853836479432443793840367864146388 -2560125412236807950017952314719690539 -1183656215985652445448877739 5296306880673092205892733275862 -5131649593995527171518696062 -599172903990106747509025905925152876 -95959199594352791621088006811567 -81054613801226900518932465926189 -145928416467996109553493304275731740 6791671685711982640 163333497770075792494253255616623909 -75875317918769693395587702789697582 59261395177189098496553228506378 1237540272241736905341315467800075 5986001887170618940427420399880383 21794306741309980700066608645320 2791434487536968436584051311 -515550028021973502732148728602175740 461599567653432976854673656476097676 645093872993501152406359444848 -576341376740462568962200689400367 351780345198182543945547750988760393
1 0 0 0 0 0 0 0 0 0 0 0 0 0 0 0 0 0 0 0 0 0 0 0 0 0 0 0 0 0
1 0 1 0 0 0 0 0 0 0 0 0 0 0 0 0 0 0 0 0 0 0 0 0 0 0 0 0 0 0
-2 0 -2 0 1 0 1 0 0 0 0 0 0 0 0 0 0 0 0 0 0 0 0 0 0 0 0 0 0 0
4 0 2 0 0 0 0 1 0 -2 0 0 0 0 0 0 0 0 0 0 0 0 0 0 0 0 0 0 0 0
-1 0 0 0 0 1 0 0 0 4 0 0 0 0 0 0 0 0 0 0 0 0 0 0 0 0 0 0 0 0
6 0 -7 0 0 -6 -12 -2 13 20 0 0 0 0 0 0 1 0 1 0 0 0 0 0 0 0 2 0 0 0
18 0 -15 0 1 -25 -29 -4 32 21 0 0 0 0 0 0 1 0 4 0 0 0 0 0 0 1 5 0 0 -8
6 -1 -10 0 0 -9 -13 -14 41 35 0 0 0 8 0 0 2 0 -2 1 0 0 0 0 0 7 -6 0 0 -5
-375 72 661 0 5 562 833 973 -2791 -2400 0 0 0 -563 0 0 -138 0 154 -71 0 1 5 0 0 -486 435 0 0 329
-89807 17244 158756 0 1183 134605 199675 234229 -671181 -577261 0 0 0 -135611 8 1 -33295 0 37223 -17056 -1 234 1109 0 0 -117151 105022 0 34 79038
-19611097 3823854 34440571 1912 287936 29410566 43519833 50602847 -145299104 -124907783 1 -110 0 -29223327 -3104 -2956 -7111789 0 7960850 -3701052 3419 59798 295409 -464 0 -25140699 22503348 -16 -31113 17170085
-576575166351 112274506483 1013144107956 53075672 8431835839 864633204355 1279820573535 1489071871178 -4275125265786 -3675406932420 8423 7156216 3539 -860181690695 -135900800 -115208419 -209490585351 0 234477448877 -108928185618 85725831 1775933875 8597654798 29474161 -3686 -740126739558 662667282962 887088 -830942230 505036611229
946979749853555401 -184392175171082639 -1664050810473024080 -86941280477055 -13846537441379080 -1420089240304679611 -2102028069552267839 -2445777984992812473 7021790322198395979 6036785158169845863 2791065643 -12488711139904 12100448516 1412851916041219128 226272146305722 191127078079307 344099743894664835 -16 -385140989756646197 178914279313845346 -139738588262091 -2918124523264925 -14115014513218228 -51391055601737 -6582212704 1215668866290955088 -1088453481891137765 -1521133729718 1359015090680701 -829499350570135435
11899178482621680788310673643 -2316961269232959689160900951 -20909462531839502418882227997 -1092451886159129112068650 -173987268900472856159551204 -17843988041189738283748665583 -26412821582460776359321169817 -30732176455521661391373038031 88231597691848615859325271164 75854614704732259797058389226 35070854645360652859 -156925639607814025385854 152046966485178175222 17753048173516985050195597494 2843199820529275788049905 2401588012268918058906591 4323750607193946492878398168 -201232183516 -4839450240408505691022801659 2248129321640813356659565430 -1755871129025281353694577 -36667399215598774116270430 -177360790452997950658235082 -645749123350328417074771 -82708130825752638022 15275364460545182114552202990 -13676852385770296507909507364 -19113652382190111339124 17076566976789518911381977 -10422990380924979863369269131
71398365263946855237591306868 -13902409081829747279090895012 -125462564117465443805112752146 -6555013769664209191690081 -1043971782957535852467159310 -107068868476176020943252336643 -158484242063448586127769343150 -184401567144487535198209244299 529414013666955535429304450004 455148689092624951080135200394 210434837475985553049 -941597283573867654004158 912323894144328984315 106523204092820736549260688331 17059986082317469074585524 14410192969532915617865563 25943700702826107315555660296 -1207448809045 -29038041277052383156672067040 13489398339685628370280293322 -10535712898975234127470861 -220014546911600889654524263 -1064213846254994312720971192 -3874673520123723825774221 -496271683261138048804 91656415851459987424582250927 -82064900843907892958304810781 -114687206037356975727484 102464129624051367014497011 -62540827961084940038028897024
