0 0 1 0 0 0 0 0 0 0 0 0 0 0 0 0 0 0 0 0 0 0 0 0 0 0 0 0 0 0
1 0 0 0 0 0 0 0 0 0 0 1 0 0 0 0 0 0 0 0 0 0 0 0 0 0 0 0 0 0
0 -1 0 0 0 0 0 0 0 0 0 2 0 0 0 0 0 0 0 1 0 0 0 0 0 0 0 0 0 0
-1 -5 0 0 0 0 1 0 0 0 0 5 0 0 0 0 0 0 0 5 0 0 0 0 0 1 0 0 0 0
0 5 0 0 0 0 2 2 1 0 0 -3 0 0 0 0 0 0 0 -3 0 0 0 0 0 -2 0 0 0 0
-3 -28 -8 0 0 0 -19 -22 -32 0 1 36 0 7 0 0 0 0 0 40 0 0 0 0 0 16 0 0 0 0
-76 26 -28 1 0 0 -30 -15 -37 0 -32 135 0 141 -60 0 0 0 -41 33 0 28 0 0 0 36 0 0 0 0
-3056 2662 -1822 41 1 0 -2997 -342 -3690 0 -912 5958 -45 2950 -2914 0 0 0 84 2253 0 -126 0 0 0 42 0 149 0 0
1359687218 -976211256 746199949 -100405 31 0 1277302451 258047578 1602374174 910 378424922 -2507341364 95578 -1240934679 1216473026 0 0 1 35084368 -1001625077 -1136 -8136849 0 0 0 -79828563 0 -49472 0 0
-5874628942243 4217821249502 -3223988315040 410727100 1815742 0 -5518661893584 -1114876816546 -6923149202827 13284 -1635020730559 10833094913934 -418059631 5361539388209 -5255829704862 1 -12 45 -151594355479 4327564505121 -470582 35169926133 438 0 0 344875186812 0 199926047 -423 -3
-7675553503208983223 5510835320599321290 -4212333246371332589 536639111122153 2372464120048 -4187017 -7210461298025032112 -1456653132512168597 -9045507833202624014 17401153891 -2136252216183965135 14154085377689606582 -546219961508355 7005171362501783816 -6867055348860066146 -1321031 -9127417 57627035 -198067077679662320 5654221436069937457 -614910759874 45951608815496627 532305658 995924 29 450600024439456740 1 261215171494314 -509885291 -6890513
33722898980517478498 -24212109620128505519 18507080757139869231 -2357748723846733 -10423526462892 14234548 31679494886532960685 6399872845235054050 39741856630803406126 -76455790134 9385722821576462298 -62186628124464285608 2399842641860079 -30777544068994819514 30170724981119931415 3594941 41601498 -251773651 870216857869644479 -24842083143890846040 2701636542811 -201890516614568560 -2336286649 -3335960 -44599 -1979732028241720937 -1697 -1147660927602520 2241463323 31442242
-38523439331278197552866122609 27658764941060331794846863451 -21141610724471167748986717139 2693380246987181641039106 11907343023430093785351 -17321552287766488 -36189151472771012848648630109 -7310911005123634951822096924 -45399210895646311334961232468 87338695548490782180 -10721804311843350097578230033 71039052637601987639080107432 -2741466338826190414801988 35158805664737062398887191250 -34465604337941890076165209423 -4669742275921527 -47141953621661832 287974000922973633 -994094438575606499798656734 28378416796524228664586428164 -3086221950132821340151 230630144604933545359722276 2669484088916074561 4077310554768230 38104090257580 2261551912432713732373879222 184929691798 1311033376127125404236242 -2560222894808153238 -35618157289429111
-181676721744968717212873675515992045 130438866031533724329261882668926904 -99703935980389878579205163761298054 12701993959509368211897843367313 56155085911847865259503878314 -81690506903849452241874 -170668209184711869953686551855029998 -34478290812981941211796416812422683 -214102892901172878773357045067963892 411889699070641669446846599 -50564079749370061802259167261819278 335020507594942713752693120064922467 -12928768195619078310977220281767 165809093490041928977886827311295240 -162539952760461314127357516256388356 -22023579592073696991215 -222320965412151181733234 1358087419380241289745328 -4688154065171546408355904326509032 133832747579181789545598468820662406 -14554637287124957560152582863 1087652850698940998316342165786359 12589300726969556665012644 19229115203428114670761 179673580047796096196 10665489495203059837026888502807716 870072850323994293 6182839590846095895556820454609 -12074022660764204460224385 -167974836194326447574436
59801740706456185259605431364447015564871556 -42935997355852654437501369171784666288988477 32819113366005599039638548582885228533452069 -4181060412835130103753932193687200977378 -18484326746952085010345562807416130891 26889710828780207008284188880155 56178116241146954848448225808194448965803463 11349069860992451857113950504783906210380813 70475323215879639484288989500343423655263622 -135579950732818203634280979813789025 16643959430736155702229174336352240914579174 -110277251450310998904990026543022123032033392 4255706707288718367018337452793130586679 -54578662144637913016256038476892657560480429 53502573230408542104242667571524192926608300 7249406437672387857808645821802 73180430599412609556519020533600 -447035761821404461932488059376320 1543179396372345002615901140255205555125284 -44053146665634806057802604762261292690301762 4790887003911220137043423215058491851 -358017984535419774389660225033080469850248 -4143965668902120892643317311870397 -6329564681512800494977872982555 -59142375218010359573903326231 -3510713046632948970018152513453840189526644 -286398116891624940003820724 -2035178566026879759406095600215169512144 3974353816536175163815582572439930 55291550303310936508250082677099
1 0 0 0 0 0 0 0 0 0 0 0 0 0 0 0 0 0 0 0 0 0 0 0 0 0 0 0 0 0
2 1 1 0 0 0 0 0 0 0 0 0 0 0 0 0 0 0 0 0 0 0 0 0 0 0 0 0 0 0
-2 -1 -1 0 0 0 1 0 0 0 0 0 0 0 0 0 0 0 0 0 0 0 0 0 0 0 0 0 0 0
-1 -3 0 0 0 0 2 1 0 0 0 5 0 0 0 0 0 0 0 5 0 0 0 0 0 0 0 0 0 0
-1 12 -1 0 0 0 6 5 0 0 0 -3 0 1 0 0 0 0 0 -3 0 0 0 0 0 -5 0 0 0 0
2 8 3 0 0 0 7 7 11 0 0 -13 0 -3 1 0 0 0 0 -13 0 0 0 0 0 -5 0 0 0 0
58 -42 32 0 0 0 55 11 69 0 16 -107 0 -52 52 0 0 0 1 -43 0 0 0 0 0 -3 0 0 0 0
16446 -11806 9025 -1 0 0 15449 3122 19381 0 4577 -30326 1 -15009 14713 0 0 0 425 -12115 0 -99 0 0 0 -966 0 0 0 0
12984695 -9322652 7125983 -908 -4 0 12197901 2464213 15302240 0 3613887 -23944395 924 -11850613 11616963 0 0 0 335069 -9565218 1 -77736 0 0 0 -762278 0 -442 0 0
453809669164 -325822802626 249050124628 -31728220 -140280 0 426311542806 86123206000 534806892433 -1035 126303843914 -836846593386 32294738 -414173974134 406007998536 0 0 -3 11710524210 -334300367739 36364 -2716844408 -26 0 0 -26641290088 0 -15444076 25 1
-7188535683542710 5161169983597436 -3945058534195786 502589082336 2221929450 -3337 -6752953818116849 -1364227741651018 -8471565706311601 16297465 -2000705913738778 13256001376695405 -511562024114 6560689634647684 -6431337153144687 -927 -8759 53772 -185499619674614 5295458176254401 -575894033 43035955588954 498191 787 6 422009221007111 0 244640934677 -477710 -6617
-111523285532530387797 80070637345574160326 -61203826303443976531 7797190997736869 34471118164579 -50483912 -104765647692337738771 -21164694266156539755 -131428274514313175383 252840581338 -31039046991911939506 205654237752111424866 -7936397647361873 101782851977798396686 -99776071408834790380 -13698581 -136351470 833784204 -2877849949122988934 82153990772840581564 -8934446791158 667661868090425259 7728211382 11888747 106205 6547071187179681208 -25 3795371132001292 -7411605866 -103016793
-25336312213669027010407469 18190772063859132166424018 -13904533429862950920798612 1771397466902937514947 7831288320169101162 -11392412680135 -23801084648156833845233855 -4808281062323708434289649 -29858408321615832572596205 57441404231725504 -7051576553243139344239335 46721363622593066173563101 -1803022998192286790965 23123441023040583634689978 -22667532476257429173263913 -3071369207958 -31004486083742 189396453990442 -653801620593461703324859 18664076743080111913529412 -2029763807500667791 151682130438698700424480 1755681469299216 2681658177665 25056957590 1487390179471660744138101 121338807 862247803329534491616 -1683821707424125 -23425471644298
-1868735492794307011559600240523450052335171 1341700445999594563232499830044247426154102 -1025559478111872069142743251690795429330856 130653320433174339513710362555553772886 577613912979414527152319300190746186 -840272480752254074870346386716 -1755501403436936655181406165842830158589026 -354645356621685943181044459139595441975558 -2202272647984084909240954805004459371057552 4236717243556220770542807722882465 -520104554840947834883397140892840171345676 3446037045051271869748715194982082326969477 -132985931126493763953368091111385572378 1705520305831210771208364586624906631441127 -1671893767144088323310415852516097123199539 -226535598324270445932978271020 -2286804136862338452662193282177 13969352476955775232890755313072 -48222578066838135877117368205925380302613 1376610074737461486564807496913326624768499 -149709698754794297745149429910803324 11187649504118744173668973242143705922180 129494152426276393232685694377404 197791603296980366240152556375 1848131081009194116224419240 109705737621626560099197852457403760665329 8949611161520117438725534 63596985231201778689771914984242652553 -124193977468649918525305557433069 -1727797239391461378184495510140
-7474925569798049042836374311607508354121166 5366790008261338779085556609063796987089119 -4102228911393066186077959921951032977251748 522612135024317449205305520483975506469 2310450582358674307564151628745288218 -3361082548167780800704585951756 -7021990206193131179464718616855002861405383 -1418578313861660954006999171195188629649983 -8809071263192975789137694937064460183384129 16946831789718967864197247879294106 -2080413654548679962984512029695838239888322 13784117935282540273162212898604992702299300 -531942557324910486320534349017587327767 6822066254440620952424168221484134498287540 -6687560394823043808205561568194835711928400 -906140405056231227067215603074 -9147196476796283102804359733088 55877287302645566091918705142981 -192889889031003197645279327154507278130981 5506428216820564158958548631087804630616815 -598837481058188319225219571312920240 44750499825541938619130243895745543559999 517975473170425519738356114386055 791164677225236213026837235361 7392508103496871800417391982 438821987629318702294502519709752610694399 35798366097796493386666239 254387382751500383846555932275683840184 -496774819858102386894640987612446 -6911173793163083878095372988972
