0 0 0 1 0 0 0 0 0 0 0 0 0 0 0 0 0 0 0 0 0 0 0 0 0 0 0 0 0 0
0 0 0 0 0 0 0 0 0 1 0 0 0 0 0 0 0 0 0 0 0 0 0 0 0 0 0 0 0 0
0 0 1 0 0 0 0 0 0 2 0 0 0 0 0 0 0 0 0 0 1 0 0 0 0 0 0 0 0 0
1 0 0 -1 0 -3 0 0 0 -1 0 0 0 0 0 0 0 0 0 0 -1 0 0 0 1 0 0 0 0 0
-7 0 3 -3 0 17 -2 0 0 17 1 0 0 0 0 0 0 0 0 0 11 0 0 0 -5 0 0 0 0 0
62 0 -43 -86 0 -186 33 0 -41 -58 -56 0 1 0 0 0 0 0 4 0 -81 0 0 0 103 0 0 0 1 0
-610 0 423 842 0 1833 -324 0 401 575 550 0 0 0 0 0 0 0 -39 0 795 1 0 0 -1012 0 0 0 -8 0
-2568 0 1779 3518 0 7728 -1360 0 1686 2420 2315 1 0 0 -1 0 0 0 -181 0 3367 -6 0 0 -4268 0 0 0 -34 0
431595674 1 -300758313 -589309610 0 -1302165577 229695343 0 -284684394 -408420925 -391270552 -1009734 -7457 0 -2863627 0 -20075 0 32354676 -4 -569840065 4713251 0 0 721316235 0 10639 21 5127196 -523052
-2987789943 -2395 2082054750 4079612810 0 9014440757 -1590112361 0 1970784735 2827362216 2708651332 6998385 58005 0 19836658 1096 144215 0 -223971709 -1285 3944804265 -32643193 0 1 -4993432901 2395 -81784 -150 -35491639 3617067
-12360433952906194 -202137777 8613483587160343 16877484600250643 -9 37292486755773455 -6578283780860468 0 8153175529868802 11696734249256398 11205756756898974 29009466624655 327624423348 0 82178064129459 -203168 641475100780 -35758 -926479277444940 405195703 16319503080306045 -135069454260269 1 -11776 -20657726989401457 202198037 -377636445040 -2024927323 -146817651167488 14905549924902
607861320970318444956 9940558573129 -423593826188908944098 -830000801178665502226 35654 -1833969612068181855292 323506786573519720103 -204812 -400956800270654188444 -575221902311687822334 -551076615166687271256 -1426627316648552994 -16111913473915766 0 -4041352176149515502 10091498981 -31546458484533016 1780638666 45562390411022149040 -19926827362095 -802560390496389232675 6642444530244641511 286841 593782687 1015905530814143714447 -9943526618817 18571403028391357 99581898765359 7220197261386206635 -733025012247613271
4916481786483610842984622472677999 80400862954497228684831643 -3426096149694594430545905210831941 -6713182235789897998603984348043752 314715258383829587 -14833446188522833621784301997740761 2616575802937484222713362617128052 -1803670333714302180 -3243004181530543018913018448510046 -4652488829832883020807684497608994 -4457197798174031511524135458683079 -11538795077813701682591710634189 -130315791467268143609441787742 5403438283 -32687117408776940046648666854564 81621779286563517999448 -255152916001178026641753497697 14402099971736850027126 368516065879736469909347758761003 -161171439045889011526900847 -6491239706007447226541403864857453 53725177806256838045039754489908 2520389128030903770 4802952922475990950233 8216810095866568586430008140042343 -80424868473809042491050315 150208545256054490419631530364 805434684564500900303155464 58398136393608324158386219261591 -5928826193441444646485355998694
-1327084890759620020499442887470049715397007362 -21702260898084548749144690139539881050 924791473254156468658635617092345858754558624 1812060554871813847023792517053629051414763471 -84949743014084067480686931052 4003928656626611431196205659539486904908984641 -706281110031145977001640198573310968195639483 486857015185888305357326121115 875370241747116090345968691941082681255897181 1255826401609655567148220646096599015332891128 1203112329093852830245855780384877389083596573 3114617580286053490915114976838066682292941 35175583963117660441448650682365946618092 -1458729778523827501694 8823093732377894243015211671800641203541768 -22031817619238534538111842415048787 68872334804397551925866722620712110293543 -3887497218081117890866399079755366 -99471964764656871889284404080904141042029539 43504316881190458719509614822862144164 1752152557510571260557158332431259774169197650 -14501807352580780336219930175315212855323561 -680317852460705772732850365337 -1296440530293602198630891551087962 -2217928389045193111340134925172885143188612317 21708740605191596032421534667797853806 -40545149871258861889528746231825935437292 -217407537910107706459074977128947888643 -15763159068246339372925529401265981324439034 1600342684658543407025194130643753110801659
-13441889475628774834387978973131791760078758794 -219819692315487926179626747876878312057 9367105946305239170157110027225680916876856725 18354151924517271339444752450147093763458925652 -860446128600540059033150327902 40555330593712860164450216986360105804724358471 -7153839732384316375024530483764521542399074872 4931318436469653729236564634631 8866524004416919417425776688090914504167960961 12720120474999248984096769352273754583576565664 12186185727115778365704357884156733178535897642 31547601486963862103658944803806064923589353 356289424410734576430016712274455937205703 -14775305328434652246889 89368096652694785212194365142249495270985401 -223157734254287218000215150429789679 697599919052127828120954154074366284762707 -39376010009691175944446216165706401 -1007540034251169829033511478251236977022112517 440650197512961329931540185444273313364 17747350743339521051457049235302532674316814728 -146887130572840123037134299914869099004314217 -6890860897255408149926008284797 -13131496290306803020047535887375703 -22465140307143346193578213199949461289354743578 219885324519858454666120262069106691057 -410677136886327818402503847621807494784283 -2202095823789753637692194246810959376674 -159663216315302465697078874523600583149009425 16209686087223833676808937691226711861383419
1 0 0 0 0 0 0 0 0 0 0 0 0 0 0 0 0 0 0 0 0 0 0 0 0 0 0 0 0 0
0 0 1 2 0 0 0 0 0 0 0 0 0 0 0 0 0 0 0 0 0 0 0 0 0 0 0 0 0 0
-1 0 -1 -1 0 1 0 0 0 1 0 0 0 0 0 0 0 0 0 0 0 0 0 0 0 0 0 0 0 0
2 0 -1 4 0 -2 1 0 0 -7 0 0 0 0 0 0 0 0 0 0 -3 0 0 0 0 0 0 0 0 0
8 0 -3 7 0 -18 2 0 1 -22 0 0 0 0 0 0 0 0 0 0 -13 0 0 0 4 0 0 0 0 0
24 0 -17 -34 0 -72 13 0 -16 -23 -22 0 0 0 0 0 0 0 1 0 -31 0 0 0 40 0 0 0 0 0
830 0 -575 -1141 0 -2496 440 0 -545 -782 -748 0 0 0 1 0 0 0 56 0 -1085 0 0 0 1378 0 0 0 11 0
235 0 11 -521 0 -373 14 0 -25 -53 3 82 -1 0 298 0 1 0 -178 0 87 -366 0 0 -7 0 0 0 61 53
-226425 0 157784 309163 0 683147 -120503 0 149351 214267 205268 529 3 0 1501 0 10 0 -16975 0 298952 -2472 0 0 -378419 0 -5 0 -2690 275
-61043605 -1 42538805 83351645 0 184173779 -32487707 0 40265514 57765838 55341082 143267 1618 0 405847 0 3168 0 -4575538 2 80595981 -667058 0 0 -102020862 1 -1865 -10 -725078 73613
-1023645051618 -16740 713336593587 1397730343509 0 3088424700579 -544788934279 0 675215596634 968679916899 928018991696 2402455861 27132637 0 6805680859 -17 53124578 -3 -76727559190 33557 1351520394561 -11185948570 0 -1 -1710795922776 16745 -31274444 -167697 -12158890430 1234422064
1858686557129860874 30395719875 -1295243048469889033 -2537933042186662445 119 -5607816366230419306 989202133119177792 -682 -1226024734495747509 -1758883449742653309 -1685053253468918095 -4362266398620787 -49266166397256 0 -12357435328255887 30857290 -96461110928489 5444745 139318294561799991 -60931210601 -2454027189490098150 20310919495813334 953 1815767 3106382801958748887 -30404795213 56786664927962 304496321935 22077541581592863 -2241405546463063
1634586292694232844117523440933745 26730933666329124107487962 -1139076690803467705194679261285240 -2231936604168516269694524170103728 104633611961226606 -4931686695115099108947887261191103 869934869490495447827517644958786 -599667594037075578 -1078203970337758530537974528385925 -1546816361461001174693077872556187 -1481887809439660686378949408641549 -3836311632487898475896525969955 -43326186428598225103636633412 1796922705 -10867509813819164139267208224149 27136852611540848252750 -84830876457855642117021505425 4788276703176905772331 122520805747854289041416871916316 -53584786129481261569603309 -2158147209088147672087422794983752 17862049129541829986121080822239 837955615386773686 1596841268306635704281 2731848857713621678389733455161296 -26738914798878821259179278 49939944819097211807765867917 267783458217846307161851734 19415671086245077435736312957351 -1971161177533270470179195847577
-163979568873033685963713273280891547876867606 -2681612465349518553451575896519942561 114270690697768351629422362134251959263145195 223904974450901580333907382863848727259381182 -10496707733105906452618728922 494740388865554764088927205116613161979558440 -87270733569864086273606533757255813983395746 60157872347786925889681117934 108164018628689093452179614978626652323422251 155174603636283464324876569918088620015320357 148661055825686852317872493027406459852312918 384853788612826261290868944240471678985198 4346426617688035721044658619556296869473 -180246103207214191838 1090214436495877849156087885505020580282376 -2722333725481648070576754888381870 8510123087935907028344410939098660216779 -480353685174708944200990468839096 -12291127727123352955317340372057933982947249 5375555984372689920100767019886719658 216502518400241290463496342878206295569017385 -1791897514705954600946197236563752305990874 -84062616430874309428742081115 -160193037165381498929494468646952 -274055520908473937304294344136952255062901133 2682413122176550131583385236013167362 -5009910249204884928402359173009348684775 -26863687910606075512804430310440598189 -1947754846796976593626459253895640026481290 197744323145153661861512129620759675348580
29221271690026916452917454904644727101210968726558326 477865181350817873165441583178640751945684752 -20363115490759401602462741348840375246967393967155525 -39900020082649984596301416128644145495089764881742335 1870520520500863921360907725283284359 -88163076768811876751754871614003874413617555221066149 15551704604172326435001002839536618654978142039384161 -10720174130532933425211345749559909414 -19274902337871859653867721261193262967220967637208007 -27652220843189180221479373592671369942981186898224233 -26491502153979820513654464702833147368164621212289632 -68581209203562955111539319208174658788483120869476 -774536205632830081236138932397229166601073299894 32119979269885711695813859505 -194276960649300599738783134939115114408661747598144 485121737847819985795002622767478649138531 -1516509773609001369337598957457477098393012910140 85599356299467157068470334925940838737675 2190287394700904657196515319188150987786553517707397 -957927764927403941992300485027494925509136527 -38580897335124577116593274720115403802823567756553072 319317366655898762803888099604974321526006731659491 14980015928710340580227401032901368888 28546509141542121722283188590129878306823 48836881872881419929841465704780126497705921415046822 -478007858946776671423383695397112559859407892 892769444027615681644987682766965254875462544548 4787127618561526947696841509047452948392591128 347091250178185933845996144868203632221853719510918 -35238174069472484775144438386995259184820077794326
