0 0 0 0 0 0 0 0 0 0 1 0 0 0 0 0 0 0 0 0 0 0 0 0 0 0 0 0 0 0 0 0 0 0 0 0 0 0 0 0
1 0 0 1 0 0 0 0 0 0 -2 0 0 0 0 0 0 0 0 0 0 0 0 0 0 0 0 0 0 0 0 0 0 0 0 0 0 0 0 0
0 0 0 0 0 0 0 1 0 0 0 0 0 0 0 0 0 0 0 0 0 0 0 0 0 0 0 0 0 0 0 0 0 0 0 0 0 0 0 0
1 0 -2 0 0 0 0 0 0 0 0 0 0 0 0 0 1 0 0 0 0 0 0 0 0 0 0 0 0 0 0 0 0 0 0 0 0 0 0 0
-4 0 -6 -4 0 0 8 33 0 0 8 0 0 0 0 0 0 0 1 0 0 0 0 0 0 0 0 0 0 0 0 0 0 0 0 0 0 0 0 0
0 4 6 1 0 0 -9 -6 0 0 -1 0 0 0 0 0 -1 0 -2 0 0 0 0 0 0 0 0 0 0 0 0 0 0 0 0 0 0 0 1 0
-9 8 6 -8 0 0 -16 66 0 0 18 9 0 0 0 0 -3 0 -6 0 0 0 0 0 0 0 0 0 0 0 0 0 0 0 0 0 1 0 4 0
11 -14 -16 -9 7 0 10 -68 0 0 -26 -11 -35 0 0 3 -4 1 0 0 0 0 0 -7 0 0 0 0 0 0 0 0 0 0 0 0 5 0 -34 0
-187 -788 1112 1104 -433 0 -1082 -4868 0 0 -1170 191 193 0 0 -9 427 -1 6 0 0 0 0 433 0 0 0 0 0 0 0 0 1 0 0 0 -426 0 188 0
420 3266 -4582 -4775 1668 0 4426 21798 0 0 5273 -722 -758 0 0 31 -1696 72 -124 0 0 1 -159 -1666 0 0 -3 0 0 0 0 0 -75 0 0 1 1780 0 -707 0
386042 2945299 -4130837 -4303432 1504666 0 3991546 19643597 0 0 4752242 -647979 -679852 0 0 29158 -1530805 65486 -110711 0 0 33 -140491 -1504601 0 0 -429 1 0 0 0 0 -65468 0 0 -7 1605827 0 -633380 0
-55143936611 -420685010769 590018622782 614670205443 -214916296961 108788 -570123519150 -2805738949877 1 0 -678773179030 92551907880 97103817422 0 0 -4165861093 218650257888 -9354627489 15813414268 1653 0 -4654169 20065787210 214907417378 0 -143 62029943 -655053 -1069 0 0 0 9349830842 0 3941 2106390 -229365893468 0 90464659146 217
-4974470485670234 -37949420808680861 53224775497252792 55448559719002196 -19387308189352322 9764718491 -51430065738141159 -253101862241911553 -75 0 -61231196900105560 8348979572685853 8759599961216794 286 0 -375799308555651 19724144318996314 -843870956573423 1426507236434759 387460580 0 -419678399457 1810105328891086 19386508150996757 -7 23885 5597605165874 -60168707787 -178777310 -211 0 1 843432680801977 0 595860001 192711184845 -20690787493032345 0 8160686952733143 9905844
-2867536758786207229 -21875968400423872283 30681456583212315621 31963358449663474324 -11175826462748289514 5628849345946 -29646894970863674441 -145900733727549450434 6039367 0 -35296763428017306020 4812774725327933701 5049477116445145574 -10412558 15 -216629756706156037 11369995869461059647 -486449963785653901 822311027696456358 223355717812 0 -241923881720872 1043436398646746181 11175365280066526522 208256 -1012334 3226743147112383 -34684222269184 -103055153307 4373191 0 18 486197319546154945 0 343504326435 111088414880287 -11927217958236946949 0 4704233321780585312 5713476340
424218570105441877915613059238 3236294009506555063302281824892 -4538963136427895623805505493717 -4728605544719670845805721445250 1653332989454140940724052991500 -832722514736066096220973 4385911829750908647575947164382 21584309407574856888290988520439 -893453953525783205 1 5221743876483617156801231934803 -711993806517911837144037711212 -747011160556221178123494052354 1540416729230814483 -2264072949120 32047842229256969998899805165 -1682058085242897156146588019871 71964590317002311106830939087 -121651311803579674275054405693 -33042869614654531190807 -6 35789812585149856195026818 -154364227650654664985786161696 -1653264762863072687023795671041 -30809060150982752 149763447483764907 -477358959661588260349019171 5131125566626303018200452 15245806228557361066629 -646962776866893497 -148434 -2720599490410 -71927214552699648486145458276 0 -50817452902573773863230 -16434233448410181335092632 1764492584820762344385831482544 -874072 -695936373646647003439421879518 -845242090048109823408
2493078664126017247387575243966291040318 19019288910276145902703186770585314423717 -26674909940576723921375788422078929670378 -27789414291030274965302404023840970828530 9716428018884901340295190258682514169571 -4893804469968953599202907897831871 25775446847534467433230668705353652657876 126848245352729923513403059864849526044076 -5250715423326160555041498964 30632182508 30687525642161861836341036435952866298507 -4184297183356385086822517544059221546475 -4390089726114135873227481062100850036992 9052833497020292352871032606 -13305668429851605128885 188341098960326725388084595974589195012 -9885241758976770000114357313545066999079 422926758362544209740139182486934612001 -714929310720797816829356569144623671647 -194188748543745879764931219610855 -126904810769 210332183541442098984877111934065662 -907178962873982373097957072482640494004 -9716027059873427523569242143882725611599 -181060933999450265483333899 880140762096401129861999363 -2805377985140757726194391930605934982 30154973342934892765370372725396642 89597667109123849975680375188454 -3802118080522843689262259783 -858436655421301 -15988620095179937036947 -422707105742162196703410796029677405347 0 -298647717296169864943601048220813 -96581902959396113753712823101241430 10369698844470219311704435141540570361071 -5146339425545470 -4089929689538196403261024802102429657974 -4967380424191365435270543410920
-671652156540147673858075681867188072629328336986 -5123924325478638717724175545943020764395768721835 7186400110396584220836705865875948063013930969791 7486655076766817761343684205154473170422334166788 -2617671045305326552652704545580099032056311854388 1318423832042516688327969816840988356146056 -6944078704793489143256581565400386253146427411003 -34173770274658422816168303385350198351382380883950 1414578042884157031486318807952295878 -8253289813212596912 -8267425762782612445404717757888365256424846292126 1127277798027846467143342526388401651794692642319 1182719692875387960398401859251479297155795120387 -2438894218848933662729517743962945707 3584636547459636458834555881230 -50740358538261771331003085075850810351952446076 2663150602054916690699102099045211729483251627337 -113939312625868444844547052839462770527657960599 192606763769213099195614303100052073204245036190 52315754657891009041404581155001301084576 34192205833944339560 -56664904600967290420188866765557708775630509 244400112820253229798520827552491961837083455281 2617563024251432128764995141229630426813676227681 48779033143158420808232316673797297 -237115839715459615604111681804140662 755787693642867740043471934514170666355662633 -8123952592283357111246639118290471928413288 -24138214008544201031709110778889230365851 1024316177804477533674104975054538601 231268598363480740559697 4307441767303148868667045085999 113880136732908407756622907992309391525094623550 -280960292661 80457703262276922616955329559529592435167 26019814111309054598352265482892226035542187 -2793666598563554195608364051026751568630649879166 1386458456648925910857496 1101854560629721705362461644428808706209411499488 1338245688863190276951329441278981970400
-488700152889472514874369349616508463462667670485106269129170935 -3728213446309122320816400299818888375423403915326865164918558948 5228889386385533212185904972078119087268545778891729752205828363 5447357601729059126859479863273617102170732141217300560676404683 -1904641007400073038387908320145897093698958646678880309132578918 959297043891481338159605287051833941061407648784697539958 -5052574151165193679823070189319087161150334136726379351535561603 -24865142760897254299640022912768409438528621498034893007218494439 1029259712933350740606700738467912803999813901076999 -6005167934480990319759542232593454 -6015453378556553729214492432934421060758749012342822286456972257 820217469535045947909340690788830543500308679384122504790140479 860557491114141448348952964546203126760207677343927002012522769 -1774561379766045624019327682567472948513218374124371 2608213807904302498529664125304827321129488232 -36919141454186579582109154538272886738763203319619892321241304 1937732342134053903681202038708897044713262670858271616178103777 -82903269137430278854206476071253000584612646457291991165409579 140142414470062920283463687951953151980100068685609588503818457 38065413846864097965084153505831223638393074809179242501 24878556639095673134138702468771207 -41229894480811966274233987462048234349840686821324277010357 177827721296570743176492420736483901909441758188226414025551746 1904562410309243432134758369514199907561175304209051076554440725 35492063447930347714428565350018301701530551769769 -172527618638762147113316384056532893179666584306106 549917926770139616574112035289220635602055176637828159014211 -5911061008673152143424325712589247684701595001710054577405 -17563181717781378656460455373745482601665333643305483304 745301668171277814375260352728880305258515582068194 168273113215281128957092862695423837259 3134133389948730669291017636561320024166692119 82860212225224544649500329172180315875199341769940871281407014 -204356067283423011260253738 58541748883762020005432483190699142069797859040542690576 18932250883932513006758033217848463535930234281302409114502 -2032696955628122840356031550319458992483765833863714460081860144 1008799648957474054693308436034295833447 801719293235858754347475792422723916592907715754016945252070308 973719605279084631066769435883735349019884361653437301
2644787325829369577406163958223117635975385204853577753576831707707590208161 20176649449534909145677528786199374848789110003510170842786840012576339920218 -28298129835870726048582451035968250444684435599211702669245385175531367596596 -29480453933010507505606331240248778485175374933190758092896137774141647902744 10307691468567800712131442451997988547566609962268607043481171984184691543840 -5191601943213602818525329481465994519063671823830856747764091667823517 27343932672836805160371137576969828519863706984673760694922380194258857557621 134567206578779875410173520218611175028692584978849036715977687581517222816180 -5570231618831854538194595155355540048715656341333840057596562779 32499257364022798716221521015615094273686599029 32554920968731613366868470664399801714472731248247690460972390382141671081722 -4438919765062461972913435722798870462950808103751424410079634190515699533384 -4657235182328568098342465071345349223755994315500372317562382409915159001757 9603715935757013613286229658786470830680636232193931191549824083 -14115344104994767068001239773283462962705334022298611082945 199802019338876616497543544840825316032349932256940794430159565277203003137 -10486777851458709594546998369626965179029409905492449593662437744206841085424 448662670122156254928107609398332044953854224503387834470259296052997775682 -758434142919895253305261157934215427266683132814672804502038850081189972147 -206005509716722401768084317122546441268944084043762999032324960915566 -134639800898302056322674274410361152713031578888 223131303977299770057339940844632123968012406032816031604880852401983966 -962382558477851537523833101173776336859897979285875009327681961372149584154 -10307266110424480842626639395541934128760273427873793744236917981923585818996 -192078842250430009914134197706548428145872488615246488881618707 933699030854447971251171761646830851303483215676076042601288657 -2976090664937787448637110371286308765326268382633429072727912104193001548 31989961831419136179403273106328129206017763577455909433519604640376778 95049858555972066205910617535084026719860591709744173655614654440337 -4033484324169411301020837000913393933300945386049979585493290447 -910674151579978430488927611380655261212243829400701 -16961558571621234118722193291957924303731436382592226541687 -448429651214718285077846282251938253348918778783784936815354003336326574414 1105950823857838608344433427348062607643 -316821008882878053254665831920835277158919277439865995818213455784261 -102459098674706443104755908346158434102725483909165031728003637919868616 11000715088200688756655914689505367928428316422293776549009456001537097701791 -5459504176720136711515045339400334551549549598529843 -4338809826610872370632465377154860837136665348274012809985222585336535547013 -5269655136646010559204693585850462030477030018030171501469323227574
42487338660368669682464436725001642452870303704747969677870829282819850924294 324128949735158040824147152981395281973701795791355859835798871593630407386027 -454596940196200291441761294837420277456116652736873800702030706091368440968461 -473590453901783358215180135871058246419379656096730340033235840539156533802015 165588504585826748582406438793110583593926110663225211172367685872839533656591 -83400789090659431644788937798631339811204435329092615431125626104706409 439268184791690777612256780252915479332974407020656308324148750511397354098250 2161762657683453320243366729811026310992618881195436351970652564020021453096085 -89483307370201450910148293469793686710255030362524443934455316595 522086195873127391167058729437438849120940806267 522980407064032379595633654486583763193129223335962789107599302750555733721136 -71309282792812538642139781871312179269357833169667269972287396474507822942282 -74816423415265435806646740455520396699220725170597373254513131500480301970707 154279449003534890405571249023722037557828990564959867521569626782 -226756760152155526166424173819067269771751862966259568253336 3209731072805382471602498017318781125341702581039393846664122273189253711313 -168465448121148799401065173258978626325802857413535967854896028585739389887293 7207567362251929878459335357895794477735238223564001691943769606475212732925 -12183909067894175210762195811684441816499433332343357174393817012562356321042 -3309387402063244576332765688519523690479818286776419492384742370503682 -2162928853319766234724637007669358878127015658754 3584505712511429266531263254600274696760288578918092953430341629024819882 -15460250162102645630564449066530222561591690950294502858919959890012742359796 -165581671395380514993950899455281353930153032072994820581516994617723924556332 -3085661648664471011883089826962794906965312185242911627016019438 14999461976902376907004267818539680590560214719799460881348266082 -47809580275238859205032422650629135159147733909160483856817719222496762525 513904588391641496175099744567310276206552744987627947341169685235497775 1526933939318290247622479801092836336585822445579644348355446138977961 -64796141749709147537529942006177561312121291865369699396682543450 -14629577474736698957114363241393840523599110269924629 -272479936742801760695054085102274696156236658016081080926689 -7203824016562884159841742229116736481612338117198179372143076797334428879334 17766610848464588983946444084799213307350 -5089589385001064245287165007439903727497357790128151478806203967009395 -1645960104887932397752047133767250854218180788206147568960134833995175125 176721622526696934315595527568494969003014027093343714406308330872139749555836 -87704519984897549181349842608141958905427693974080683 -69701060907929019457236856406522060619252442678052779556933636251244366953093 -84654679122004781160964862450251110901230257093092577306588326719805
1 0 0 0 0 0 0 0 0 0 0 0 0 0 0 0 0 0 0 0 0 0 0 0 0 0 0 0 0 0 0 0 0 0 0 0 0 0 0 0
0 0 1 0 0 0 0 0 0 0 0 0 0 0 0 0 0 0 0 0 0 0 0 0 0 0 0 0 0 0 0 0 0 0 0 0 0 0 0 0
4 0 -8 0 1 0 0 0 0 0 0 0 0 0 0 0 0 0 0 0 0 0 0 0 0 0 0 0 0 0 0 0 0 0 0 0 0 0 0 0
-1 0 -1 -1 0 0 1 8 0 0 2 0 0 0 0 0 0 0 0 0 0 0 0 0 0 0 0 0 0 0 0 0 0 0 0 0 0 0 0 0
-2 1 -2 -2 0 0 2 16 0 0 4 0 0 0 0 0 0 0 0 0 0 0 0 0 0 0 0 0 0 0 0 0 0 0 0 0 0 0 0 0
-2 0 -2 -2 0 0 2 16 0 0 4 1 0 0 0 0 0 0 0 0 0 0 0 0 0 0 0 0 0 0 0 0 0 0 0 0 0 0 0 0
-9 6 9 -5 -1 0 -19 50 0 0 14 9 0 0 0 0 -2 0 -6 0 0 0 0 1 0 0 0 0 0 0 0 0 0 0 0 0 0 0 4 0
-2 -10 13 13 -5 0 -13 -61 0 0 -15 2 1 0 0 0 5 0 0 0 0 0 0 5 0 0 0 0 0 0 0 0 0 0 0 0 -5 0 1 0
84 344 -486 -481 190 0 473 2115 0 0 508 -84 -85 0 0 4 -187 0 -2 0 0 0 1 -190 0 0 0 0 0 0 0 0 0 0 0 0 186 0 -83 0
-1298 -9901 13886 14466 -5058 0 -13418 -66033 0 0 -15975 2178 2285 0 0 -98 5146 -220 372 0 0 0 472 5058 0 0 1 0 0 0 0 0 220 0 0 0 -5398 0 2129 0
-350666 -2657221 3726808 3882190 -1357909 59 -3601251 -17717469 0 0 -4286168 584241 612679 0 0 -26911 1381737 -59653 100022 0 0 1 126262 1358065 0 0 784 -273 0 0 0 0 58463 0 1 591 -1449441 0 569994 0
-501277113 -3824161031 5363457676 5587548289 -1953657971 984 -5182604873 -25505060630 0 0 -6170264318 841326209 882704403 0 0 -37869275 1987600929 -85036829 143749055 39 0 -42291 182404214 1953577351 0 0 564070 -6063 -18 0 0 0 84992665 0 60 19419 -2085009508 0 822351973 1
-13740226562482 -104821938611455 147014737798451 153157160217952 -53550625689685 26971464 -142057482794495 -699104948142971 29 0 -169129663268440 23061122030114 24195316551551 -50 0 -1038013524394 54481017124619 -2330896959994 3940224930250 1070242 0 -1159214066 4999779855314 53548415864644 1 -5 15461417108 -166194581 -493804 21 0 0 2329686377749 0 1645952 532296572 -57151029190530 0 22541029838941 27377
24599987643879469735 187669277716936134189 -263209687035542245322 -274206850360033297239 95875037016106114488 -48288701302679 254334403117168916946 1251651347077706900077 -51658656 0 302803422323152426108 -41287770213596418238 -43318389656891782482 88919973 46394 1858420584127656358 -97540775037187393204 4173150723117346874 -7054431319414953344 -1916120913332 0 2075413500034928 -8951418821475161576 -95871080628019583907 -1768597 8212614 -27681542811177216 297548563487663 884088292409 -37260109 0 59548 -4170983341945764908 0 -2946850256293 -953003873685097 102321064760336719599 1 -40356616610093007658 -49014697641
-2906443812456474860364068 -22172783942207770432528421 31097745955722510807050004 32397040807482476164497487 -11327461303579344366216587 5705222192056009403 -30049147297796854836733922 -147880330906304369361047390 6121310800454 0 -35775673790673618987146660 4878074981363885161818989 5117988976519601599784091 -10553839428022 15511816 -219569013036495481683158 11524265222127037058753966 -493050170318636395283794 833468234030502279839311 226386232723023270 0 -245206331517337056366 1057593858298926554695318 11326993863520305846514919 211081759622 -1026072586034 3270523952509276033142 -35154821606115572769 -104453416944682935 4432528635529 1 18639615 492794098174349301397230 0 348165030863153162 112595674693648389326 -12089047761400318833423177 6 4768060876132653089378359 5790997414463713
-73484831744713167114495841903900 -560603748925704128650017800787352 786257287824422729521519428931860 819107901746202412467197346953811 -286396930992018915903410609370438 144247513422631449694962843 -759745130384753383609037724495500 -3738920115513163742038456756498099 154767655339009344985 -903 -904531289335140192877838890912067 123334405333180018812836007336249 129400250986779341257806103234039 -266837126286446536248 392191718571926 -5551454980890407374971040381603 291372806589267884952049706557956 -12465993201824454549651517181697 21072925160225122756755140884989 5723817590992901092879525 3741 -6199654002277297319697168887 26739586844327643901093602578467 286385112509947469077306733602569 5336868211157929597 -25942621364092039517 82690021853225666227286747000 -888834024476603087317441499 -2640939328138256935397112 112069471148717139461 25302880 471273158938337 12459518822943707889574058303169 0 8802801761630415214415171 2846803428500518340712892078 -305652439208682402047184366389464 151691118 120552872802664834772652366139865 146416204164038941697231
-12873471285330111875029891505210871893650 -98209604525122715820389388570059454302278 137740815041295262520250718322251643836507 143495763715555809005895490251264008610392 -50172567314855137907862398026518451618812 25270061561515576939352597706438965 -133096271542884254076891029613533401521893 -655004299559612949288852769530165302491013 27113037066291527297349160054 -158189754004 -158460695948675227834473209074133986920555 21606389888266803500184244286412263278317 22669037620987146607619915256952487058382 -46745974666475472052645125531 68706271859201726164183 -972533985470234256107991109186466181037 51044268182907652166798223619379449816768 -2183860284042267022169669368181739137914 3691669294290597643086463179324158221641 1002729402117951366115777071032631 655357651591 -1086089004797111236862880201720302362 4684385814720305310038244583136767746983 50170496889081945531320092689846577504120 934941511584471530972131777 -4544769080468879250447990195 14486086402278597786080150576365936500 -155710763974732356285790338389604478 -462654071593935756157650038580410 19632937635445257490505657278 4432695750680323 82560187389637417254787 2182726067243605899129277391878820939503 -5387 1542122544452249067331321267394143 498718460962079813762782924859264918 -53545851654306448006015959710268003164880 26574072540636866 21119105937135282895807002562342170817342 25649984564990089334501431163537
-310733147285017548414504802271974952885654050877152 -2370532300987358896172576103102130844724099774849064 3324716078417666120595684937679047371013831191551840 3463626033190666031332876861499947776254229237509293 -1211039307391794949614694998682209025963354230135594 609955589060416094542346871444066008020072062 -3212608505644499328744083714400682099855332697635415 -15810152753384406708294350698878484771731456776305885 654440372245570803933359791703646877892 -3818301920356414304099 -3824841775909818826690867293058796041111823550463471 521523789710007599336541382035037363226869278423456 547173427412602831117150288769421036852884822379066 -1128329998107977043239775951980256499034 1658396218070433996371210241805736 -23474518989386800814007686707128312605804578626201 1232079969091930461201298420717137927484080904365931 -52712882504697711652896661249453892541934885997299 89107591350094940294332081945666511952186434109024 24203360235121319297809380161185378593907083 15818681779956729589137 -26215450923235959584281128101958848746742001144 113069265860253639208461320887952387710557272128067 1210989332532453226557212188494618070130409475003429 22567131427333964385668232596403777229 -109699269820643173542456530944737392021 349657611366420146064544226603971384809359832210 -3758465349680732963037691602029490832636573716 -11167303098305317229095360884786504834169646 473889626713525447231228308631402406068 106994102137426940637300614 1992794818073422752426448784951576 52685505370144024696581701406138853056724943693546 -129936943089380 37222951068596646403502987975163174385607182 12037806551872337391558850714023775682433012173 -1292461888469784941938522293244047923790423533132032 641431127138346842991216232 509761983403023369830569038974577326834081115034106 619125972710561832318790934582299852909393
119865495897026039485607515818634692668700826906519557074804832427 914434241343226117443628126280551751944362338548622282346350376159 -1282511199523915176724287129701891053699486307885878286623028996936 -1336095796981187872870116481463462923275203347541051440161031962577 467159131234106491514165883826355848824149103412384383513359766069 -235290730315383505822479873364982074910240431663265075219024 1239265636822676135872943457413394453895729578693222898051451291884 6098775803451362771968775305388931432048880848367454058335346108386 -252450761818135752144820482545261906856668160515829577 1472912230854735922638970782424327288 1475434984014007739368841029158147817322967788366772728758045754028 -201178111256817718465839996695694613277781231702554817888979467923 -211072474216365661675028737393180359646287138926319584456099573517 435253966113399877525272946759992212182429049938919886 -639727324907605024302604121475037446293702645008 9055309625612877644786033773482588198463861233002664294916380653 -475275578966587944681726380461319802880825107015579441632291151488 20334025696304955526172118356791204429378338975848307542770557751 -34373306223335364352284942778097670729549765917436900637923925142 -9336460568515152953837945404171355074287440313567169413369 -6102065880511190137734696206431403554 10112625745059479008460142715943654098389162415676655020605774 -43616536380074381836261900582900153096384458493725613598216314418 -467139853402469542790844338922104021010601011384172487295594022622 -8705284335274304993029887995614033353576262595212591 42316558408659553213795654049712103626294653643620261 -134880631007036441811563586650169162793310078201024850639253196 1449830238220589242867213675131907682435891856789027411759074 4307793794792563132438277495681971482507448244474950008255 -182803204623583864734859787719872231138911672598980876 -41273038370110523621136644997350121564177 -768721783229310291955619677481163573154497746202 -20323464950410320423819883691662159500991156611916379109805879872 50123252877383485174265665254 -14358775455956005146868747914508883780146857357351061211979 -4643591018402494104246490698520701559902534160401856550534616 498567940186107411254820507967240847488854447473376744372753265925 -247432437800733613322367321456072923747418 -196640987496608534008638003949953503016033977917399141691898010239 -238828211248444227741095930089081786010683033347712510047
5289575457386631938373272845872322358564374433093716121726359060887616906992 40353305045835981921701546396798334689845695360062668078933655293997126120734 -56596268292696452787731820076955188658139632928100695975331801811897612755035 -58960916847168116621247635994138181535229104340531039984827798377676398181343 20615386077348217131586718195222010636282896873593910228605728493426460877555 -10383205468035848806420936026797824341046465991848700517987152081036374 54687873675934814212248822184412806408909900969988742683025629643900578886625 269134454153125154359920391721116694280004163453114052622711352232868971597388 -11140464934620942925182270988497854833980457155992286501692771829 64998524628863669726130308029567130885025578583 65109851855239078009787586204833120930772101191252185958428925537377608698361 -8877840882430810173376581121985982866087506181720422714253922519197378027431 -9314471783472272297784596307426970559824300396687734915076336966730350201677 19207434797262244574398781679945056077759135391659789748579057237 -28230692510194072535260682613273729916661124063188455356359 399604099546942389945654085642227897049189674849641585884402864961554630972 -20973558897688256838771189470598272490440880167201793965085988980336288310807 897325476928281098827489975825530784128290938753575413082869065819826399493 -1516868516894869235227481336119949066157534286242006696842951348993976676518 -412011082192511903121451477844091236053543582835812799417744857413972 -269279642814285195402464004722198356884421805026 446262675930997344161316655342811606924262760176682891549270454136748987 -1924765410143160274787035583968938959352483439834894103787096796336672882130 -20614535360931993090221922487452630021560325443560806523743062015474456969721 -384157743017202450580545583978404532333355315646452422583861430 1867398346157987662379666590320238150596097465269132277479525385 -5952182236534207436355645305942941635451452462197994875765397836288594525 63979933408500725037540830926193330959511277511318192586734328012925081 190099746068647567786567296826266984601485805174837307612658507744591 -8066969877129808308018371512367973609117463900089414832033819476 -1821348580594576272161458002327036340870715247795294 -33923122310539177794884572226795718554104120871596300181954 -896859439042416527475895993112775808421527722806270320935189780174772914749 2211901984640850037450173822787617919968 -633642114284489913097532991810291260642599426550146844326373013993991 -204918228563322929349293165315629857000016574944629826168817179518878666 22001433527741918420042712211881733190190548294530478346619015702982846752589 -10919010016664666927841584625709802231582434196225132 -8677620975029386755549985455034250664333237429702666873908906848320024478416 -10539311878679375889704112882934745134140205775504073229369327729958
