0 0 0 0 0 0 0 0 0 0 0 0 0 0 0 0 1 0 0 0 0 0 0 0 0 0 0 0 0 0 0 0 0 0 0 0 0 0 0 0
0 0 0 0 0 0 0 0 0 0 0 0 0 0 0 1 0 0 0 0 0 0 0 0 0 0 0 0 0 0 0 0 0 0 0 0 0 0 0 0
-1 0 1 0 0 0 0 0 1 0 0 0 0 0 0 0 0 0 0 0 0 0 0 0 0 0 0 0 0 0 0 0 0 0 0 0 0 0 0 0
0 0 0 0 -1 0 0 0 1 0 0 0 0 0 0 0 0 0 0 1 0 0 0 0 0 0 0 0 0 0 0 0 0 0 0 0 0 0 0 0
-2 0 2 0 -3 0 -2 0 5 0 0 0 0 0 0 2 -4 1 0 5 0 0 0 0 0 0 0 0 0 0 0 0 0 0 0 0 0 0 0 0
-1 0 2 0 -3 -9 -1 0 4 0 0 0 0 0 0 12 -2 5 0 -7 0 0 0 1 0 0 0 0 0 0 0 0 0 0 0 0 0 0 0 0
-69 0 -15 -21 -7 5 37 0 -7 0 0 0 0 0 1 -36 -96 59 0 -210 0 0 0 -2 0 0 83 0 181 0 0 0 0 0 0 0 0 0 0 0
-165 0 -379 155 502 2925 256 0 -914 0 0 0 0 0 0 -3336 554 -1502 0 2301 0 0 0 32 0 0 -22 0 21 0 0 0 0 0 0 1 0 0 0 0
1191 0 2717 -1104 -3602 -20970 -1832 0 6517 0 0 5 0 0 -1 23958 -3994 10782 0 -16540 0 0 0 -206 0 0 146 0 -154 0 0 0 0 0 0 21 1 0 0 0
32078 0 81064 -33126 -107547 -615468 -52169 0 192320 -603 0 -1218 0 0 -222 701372 -118675 316502 0 -489140 539 0 1 -7617 0 840 7780 0 889 0 0 0 0 0 0 522 -317 0 0 0
-4962613419 0 -11886927651 4866503461 15755591228 91604270148 8018715217 0 -28640349409 -112767 1 211045766 0 0 118428406 -104222821764 17539278874 -47198564807 0 72291076395 388749 0 3290 1063937559 -3180 -66127750 -1020186912 0 243325019 0 0 -37 0 4038 0 -463602 -118817118 0 0 0
-1006784109947901 0 -2411530082314010 987284012287011 3196380485745856 18584037672350206 1626789146713347 0 -5810358181377664 -27381077615 800 42811378944898 0 177 24028265106479 -21143993928590747 3558245293747406 -9575315964231384 1 14665898446029565 77219448580 -963 -2428170812 215844609286735 2343449389 -13413386406936 -206964951575931 0 49366460787719 -15 0 28240045 0 -3134647667 0 -93176396496 -24105512794127 0 0 0
-3072951286667333580 -2584 -7360579507634987421 3013432223476457098 9756134855228254600 56723027308473880443 4965358264008054745 0 -17734633967350548225 -83568892203807 378855019 130670802168821565 0 -194692197 73340138366313518 -64536639793919165533 10860634732341769382 -29226205764887360801 5732 44763908306142441435 235694417818224 -194978499 -7407172293545 658810527400513644 7149389305982 -40940937581347553 -631707646370960171 1 150678506102303790 10813330 0 85985257242 -90 -9563675815128 -3058 -284397196241927 -73575918585226873 0 0 0
-37876812918912123395992775 -76307753020 -90725581688329548880100710 37143188395863613684406781 120252897051631271664766460 699160934593084001198131523 61202384449553008683024871 -176 -218594878440703984777623224 -1030059928258938010207 4651848078543913 1610631951260714796122008 -5182476 -2390523538340549 903981365638909330966048 -795470544059822359960886963 133866824287031586702880063 -360238554018991736577205146 208975937197 551754330690471398188387655 2905139810080384640474 -2394130531943466 -91300072686065546844 8120416097560481827825096 88122634223844212052 -504632871951724510913851 -7786349378191772708917519 -1235897 1857244405988497903529421 132720496502940 0 1059853366525177673 -9382778233 -117880856438011787921 -123285405944 -3505444241806692262734 -906887563041069490653841 4849576 0 0
10332884705371301687285353918 20816934751195 24750154597753314611265078883 -10132750189568144102082123494 -32805276499411412471371348964 -190732766854383915018457248246 -16696156130266200698650465327 198455 59633203061408015353935779773 281002799816029136623180 -1269035227350256416 -439384229364622370392449388 1414337796 652140510771217003 -246608267885365360628088629 217006257519229594738211539601 -36519188248318558947651421823 98273934849712352606914444274 -57009126030949 -150519894504305046787443183299 -792529053983753507553605 653124507207199009 24906877109128488439613 -2215268836777926929075531385 -24040064334812777516203 137665048418422515742363089 2124134640705823945176319924 337360346 -506660693914744039265960278 -36206467326503228 0 -289130520678495542502 2559642435482 32158178174909162660054 33632548670908 956293531592536131831680 247401085452985385273269778 -1323709320 0 173364
4923712864545131483779198385074941039 9919457231998146152264 11793672151310413637761761490470940260 -4828346960618294975260022981874176819 -15632010472462525866148647959865253776 -90885885658149444211297587921515591829 -7955869156685003856056595933190177078 288361650866 28415759726309260516594644271495968104 133900371472079099847783515244221 -604706744797291502019180544 -209370552782442978989984141799024129 673915213111158042 310750841993806300705718674 -117511066436188729032857642814523460 103405441200636121039905565836251719728 -17401722956177142910017982451617664975 46828417336106467549326577942687022001 -27165363329957540586362 -71724088874771928511188549130083550013 -377647250491155989705047772951766 311219725180797794284382539 11868351843131586284890170182915 -1055595603849086351654609795445930779 -11455307729145531724018644022339 65598638639959397743851232359743242 1012169336509924397334943300013909717 160749991007821192 -241428395624176827570664464893659981 -17252708613425115165889734 -808 -137773303853595877970973089241 1219692974335458318373 15323662277759261207327761526432 16026213123485820326935 455682502809293718412394849283256 117888851166032748251825563716557235 -630636319975527108 0 138115790828
-3377802927748732875378933431365972756962287703 -6805021454681655376160174255277 -8090784620781345121727845691096120123459988101 3312379285397234400069494556477663512192190762 10723990653618421072177557946141882143159370838 62350226163217769081143538795277397742382761385 5457945836717490258477689679110209509857773978 -197826024305250291550 -19493995494515734189126138732447201610432613898 -91859350702981259030677908817321306847009 414845517843656230630814912304223109 143633978184518093173397499578635862617808915 -462324437375967747773701284 -213183654848246993018500552844704319 80615835076260839511454434418867533873421907 -70938986825935888304530379626204179796852296180 11938062264456954027977669687877904955752611603 -32125586834835232100712181145901601397775063054 18636189053596582003221001336797 49204704672334017366598998141279002530229987089 259076437529655075876437349647400536593655 -213505321656479592847067490411163118 -8142016950654471068586336279278143684555 724167720436219339344396066668264059461037206 7858657287754963660077418398544621416761 -45002476738630090690826687773275421601612851 -694376102404290969750115324025978363432852889 -110278930799998006802065151 165626543223771469246827161194008483415905148 11835834312285162876801428036767061 -10140453569679 94516289216082145006455567413263183939 -836743045950440717186827904380 -10512455281128550164064849093595007869390 -10994424552869733133697844994195 -312610774522754245663383794892842362430373 -80875005828421217741350966147640234791051276 432633922117233927280819945 -36 -94752916089115765763
-3317638300929544569734972040819429782228101433610800353140197826 -6683812022078561935504054660079885817860133940407 -7946673478776926800573770502845347605648757826828226327763232820 3253379969021380150662081795839785444527996482759314236455434369 10532977468572294865027593029467301436426560487166081576947835833 61239658682094122764568044418936440734745048265516061144009582960 5360730196406494185545690799307351465363092223570731147522981896 -194302393950916522790928577217154361255 -19146773057556048149880000451422355041873102641466336972084087050 -90223173675157648863071413239632318812916213367610790109050 407456387600551311999385275396826324882758684908619112 141075603737911005420055757150583000019707845705880894035677103 -454089623848034944906904000617197812243251573 -209386478011040601147474321224446627926284586427844125 79179924889424367784733163248963629080664108760495895499648026 -69675438371331897142123139124101700001217260557425646694059165811 11725424323035074943322114711719444740005597255236078232625022406 -31553373480590348527622905674408476408252218711628421662949159581 18304245662071140437524081451388387938253715001427 48328282110780845686367023722223980998460808638162939511361003517 254461829302050404683523347530550370231496521896305874265679 -209702415366166730875746801166190100243961545428298072 -7996993270508004139917508200513468948910865231729545416776 711269016282514952000736857999255311177499640439095998981851188 7718680742902835028023579128872773687049518283518271391232 -44200903267106268597253632532331408706515793007136240775310961 -682008039504552629124113092608269795108007791029024335119916323 -108314668568150440099320601868114447981415309 162676442410444317255395017504837178748021433860888805164388219 11625017230968051623519057087580420969310896378375378 -9959837753723948561245075234599 92832787427891657976396019058489785429706319731939031670 -821839176725390400479177471869194939598237978630 -10325209914104120515805732001853412561697455815396547545061 -10798594463174123039402582324593931040646903103701 -307042625346758854016158414013231239887539815225884997228463 -79434479353447246532006909480464609983268610183693610066480236 424927949024584214694280361508374253672399110 86856909784021428 -93065199559119697712428676749825306505
-5802469630680617109805851306098841532501013570967747357947707237920951 -11689826544509884377750315363704822267843298099020711441 -13898540872469098287632838399299686253718811458136729919858934536576780 5690083352974921688847134180993964971780687787675462279286814321096578 18421924374610078901473456378659025546977164624885840874827926465923879 107106690803677208821034110569325309879617896293107400467249657747673707 9375788238942747102549832043106742945253450613012621469856603984702988 -339830215895701178799714958976780277398752423 -33487245779889551336250862458479677529036506321059780109147215012272327 -157798161748688744739539167894529506673574978306866112632931453792 712631426462796343815637824731636343448522023135672908369473 246737839411188296053865128606521335437655145427179492721679562634408 -794191835573869207590161182573354674354103252026883 -366211916288110013136035043198403825713984472364878752847768 138483785107535792386618599810508094810868128964848071876462524897527 -121860666679890140624922738321079467010372229758179343747319466935409517 20507485256060684686061374793587459725918950931658483259775063780070784 -55186091659042737069641230550649994141871404568513928545942921546127528 32013685619956542713731144138396811126067030904189108526 84525003576249240398463893180982827439848130028930182128621163209771272 445047622062625405656502649606699298652272154036008575007208786880 -366764483126937286571122694849626480301146416739997051541703 -13986548978494382129722802843603882194469530880923869501239622742 1243992410223568971170546657345625247872094201610966813988628151421997 13499787058482038478084001901454843268811449439139933753273969585 -77306317202865702746595286226870769371701837993790867310658297694981 -1192815665287086266630947732880827010244075585616327226667792152935356 -189439751388159655144766165766128251874194331451407 284517186954737081983097279774087858115729093275157361696445174497336 20331875665870995056088307185999220612463518105479388052390 -17419516791898999273865682308314855117 162362313465831322540798649701032669050451788622424438547338019 -1437376962677496369493626196283391249948808058852078754 -18058543916678729277278278784028489662328646902706171803077299289 -18886482112606393410136922276797928926956146076040978788 -537010170276802038950364341465887355877889505754454078833649669145 -138928994745498162630071056026838366853064121007229001574047837642679 743188767368559791067739365379790336486944933098048 151911267922652658515973 -162768796696048014507028160601583883730872827
-45511990064612840299711070702202855100548709472158744541212032201259169659189231 -91689798208969800828996031414778115919415422686405978691524128265 -109013970664458661669119665791591539343151287705867880797299242241092242796556065 44630482106812385572214806784229482942125260147161271564483944925225534530168901 144493378246248288766151029927933194007284791685223479559927948928717696597250710 840097227210947427617836492854815313146841598297828706763031694790459048141163191 73539511335387028162501246930639400378666787800171424602175604670410354005340329 -2665477011326678723435733273142473850571966414873082717 -262659056269254661731129198243766613739726855988986072727281724221708701123086013 -1237698570923514383685221713110559149897417678202713960618362134295982182562 5589563834925459203130296761126881556604577301520554998164340999765558 1935301830184476242339123133967266517604741730040307469218884391882374165294357 -6229287394959585560728342982113021428293168082534551845604092 -2872403331078233535937824478267519960468299961015522779057046707862572 1086205194181233268958073602466717711999710696599186762312586254919595497765796 -955820849432297511601341560945977382377612152419250683052930224334205424376454187 160851589862530628432396478545656512572872288792241135294276823259076286075401297 -432855148781977849988077405636467516905099674915443178914946894752719264420717757 251101106012371738987649033993415491554353873964340708014754882755 662976519968857994873613603336419884510781031459033371053394768105678042369802287 3490755530454695344248860903936172975759489356757394412047800884264829934643 -2876737419505990035626336426769823727108415974760112843815498366806211 -109704267090285587386229556813648986201343488780787534292021182090202708175 9757322970755100833893507410532568295909981778652044685521751657812173241251049 105886323166840167062140647742392219206248256498346043555037937432716016927 -606356355898055092770876437563807299609119194870412028580824175142005687342898 -9355915353768534815504586636861298656232917265470424878103288242753737089704534 -1485881121623265201251535255709891812999528568543475186268221 2231626222984075334319155929495257942698045840490061198423057258768939962497962 159474186371833443591536351804159453258449108305406581588896418410608 -136630939173096617759503114871222229659593613068 1273497746244594539726997053394935336458313190853625937622028416509074550 -11274145356760483364243937449907009873150628019656362670515190052 -141643183614707208723182290093951942511234612148244890878660440403628022112 -148137162445364770659730294004253688254870975850069935262227850398 -4212068841343863764265063454344902470482077175240100415174476286450695193535 -1089697220492319112810847602936072577831624142294673898300895927907402050255861 5829242020977587573745618040906134656996645726814636576170734 1191524395033760836619276701722468 -1276686019844034960249473481733730959793232094771821040
1 0 0 0 0 0 0 0 0 0 0 0 0 0 0 0 0 0 0 0 0 0 0 0 0 0 0 0 0 0 0 0 0 0 0 0 0 0 0 0
-1 0 1 0 0 0 0 0 0 0 0 0 0 0 0 0 0 0 0 0 0 0 0 0 0 0 0 0 0 0 0 0 0 0 0 0 0 0 0 0
-1 0 1 0 1 0 0 0 0 0 0 0 0 0 0 0 0 0 0 0 0 0 0 0 0 0 0 0 0 0 0 0 0 0 0 0 0 0 0 0
2 0 -2 0 0 0 1 0 -2 0 0 0 0 0 0 -2 2 0 0 0 0 0 0 0 0 0 0 0 0 0 0 0 0 0 0 0 0 0 0 0
-1 0 1 0 -1 1 -1 0 2 0 0 0 0 0 0 0 -2 0 0 3 0 0 0 0 0 0 0 0 0 0 0 0 0 0 0 0 0 0 0 0
-1 0 -3 1 4 21 2 0 -7 0 0 0 0 0 0 -24 4 -11 0 16 0 0 0 0 0 0 0 0 0 0 0 0 0 0 0 0 0 0 0 0
5 0 12 -5 -16 -93 -8 0 29 0 0 0 0 0 0 106 -18 48 0 -74 0 0 0 -1 0 0 1 0 0 0 0 0 0 0 0 0 0 0 0 0
655 0 1498 -611 -1984 -11559 -1012 0 3607 0 0 1 0 0 0 13190 -2190 5936 0 -9094 0 0 0 -123 0 0 83 0 -88 0 0 0 0 0 0 0 0 0 0 0
-2056 0 -4682 1902 6207 36138 3157 0 -11229 0 0 -12 0 0 0 -41293 6881 -18579 0 28502 0 0 0 353 0 1 -246 0 272 0 0 0 0 0 0 -37 0 0 0 0
-17615 0 -42196 17275 55929 325169 28463 0 -101665 0 0 749 0 0 420 -369962 62260 -167541 0 256615 1 0 0 3777 0 -235 -3622 0 862 0 0 0 0 0 0 -2 -421 0 0 0
-34991975 0 -83815578 34314225 111093984 645910221 56540986 0 -201945876 -954 0 1487958 0 0 835132 -734884526 123671025 -332801437 0 509730649 2683 0 -86 7501935 83 -466197 -7193310 0 1715791 0 0 1 0 -111 0 -3238 -837816 0 0 0
-260338662598 0 -623584055408 255296241879 826534124324 4805542194594 420662291444 0 -1502467972511 -7079871 35 11070355117 0 -18 6213334252 -5467506942887 920106717569 -2476027314761 0 3792372522653 19967909 -18 -627499 55814048328 605666 -3468492663 -53517907905 0 12765396200 1 0 7283 0 -810198 0 -24093967 -6233309427 0 0 0
3849339841301384 8 9220247674100749 -3774783143217993 -12221045858413209 -71054236975309623 -6219868006019279 0 22215332015589415 104682798308 -472659 -163685095493214 0 242893 -91869701234336 80841977501788630 -13604600293576734 36610277145712311 -22 -56073617711276767 -295243172183 243260 9278633040 -825260596217465 -8955716528 51284764200461 791310106894990 0 -188747794127894 -13485 0 -107710695 1 11979981443 13 356250833725 92165051887452 0 0 0
-796364787558268942856 -1604380 -1907516842613010409124 780940239070100028577 2528332386856460919859 14699947177135774634947 1286787882459136186916 0 -4595984997561318508532 -21657140417181231 97805694931 33863740712457465163 -109 -50261060114 19006322674107935192 -16724868910835902582042 2814566930767625116198 -7574061211427605753840 4393745 11600704665552210895339 61080932353909232 -50336897611 -1919595588581386 170732776653169282489 1852789542588068 -10609970029080698526 -163708981579125051828 -26 39048798799022443745 2790465246 0 22283551229120 -197274 -2478459932608147 -2592091 -73702409041122748 -19067425842469233268 102 0 0
-2387458297597408100167005379 -4809843938451 -5718631693481327175058617056 2341216340582102522008162177 7579802912422280494392289787 44069641715202670143643369811 3857720048929307648475860272 -141 -13778512924591249488085824247 -64926928461723718514032 293216151143855578 101521651904690951846127598 -326774634 -150679923182732801 56979921116605859856191018 -50140246883382550117899812844 8437918499143544383118076291 -22706623356837488437762754366 13172208427582 34778281315863802223664273790 183117311377427675996299 -150907279871919056 -5754843116609663350139 511847573700801307134688782 5554562226082779005589 -31808112788180130207056876 -490790618280200501891761680 -77946036 117066173894732274716851644 8365662959705780 0 66804873988740176879 -591416719901 -7430288008477633025778 -7770947769162 -220955811667240339210906 -57163105090323430301923981 305789140 0 -68
2509602034750657533285524991824100 5055918315688471736 6011200174006305377851393937069305 -2460994312666779527619650107577387 -7967589981013189760109146197526242 -46324269885888014819333810083537843 -4055083221363115206518107943804980 146978641 14483429556105840002114268508259026 68248627396602412886670081813 -308217257772794123057121 -106715557900070679636648371341938 343492611490803 158388794558632826334066 -59895046593303588962705902678835 52705450699627654877895961788713795 -8869607253798275710679224663226065 23868307243725248862209451067482165 -13846106172948105234 -36557558154316440413301603511950197 -192485698155786346447452266576 158627782946564122488283 6049264194330992007846529510 -538033989424818104565176116731348 -5838736818462791918476105523 33435434099572322810870362188812 515899748076027544525753371077379 81933799882887 -123055346559287005229089987507073 -8793655079480720539858 8 -70222649694916134079938210 621673938828705680 7810425808745704388928300015 8168513918360529399 232260037843641296930643091569 60087602364283110865819528113057 -321433486343585 0 70398529
-2849873741347931769030212303852647187073 -5741439736963005373366888 -6826246270392732232049976576839366278540 2794675399588798955280892311013409674876 9047898891655298317932291745790736897474 52605281039319740433355393803326911874619 4604903499248048119020581871078961035188 -166907070685376 -16447207567198817724589364395711352286745 -77502316465861844716996491117692965 350007793026125952174566042400 121184897860876497952352794636281407604 -390066058394759484072 -179864400923331138247804828980 68016091061237163072635664848983716900 -59851672852863460703841479167052812954303 10072218805472987466558469918575092590075 -27104561250116907191416316502603346563356 15723470835534622459667686 41514321230671805889792569058734380276845 218584432576658277623419674648150545 -180135793248417511357369901296 -6869471311858016285052217970880622 610984896084053585314984908753652953320 6630398968110382783528163884710672 -37968874885936903046089865362702881018 -585849519107503133238708802324465080763 -93043032951689904349 139740164390895051848419399472877807194 9985968434223433100106048201 -8555568 79743992331158356826680203372119 -705965411812513170572104 -8869425157005855990254006569796852 -9276065686679160397850193 -263751692041019061128315540760784387 -68234755067665603752951054385900269373 365015982468823206419 0 -79943635923943
74142465525139663855325198972581709489973813335897394 149369598935673037210178554106810631430 177591982909854975507644752861109066262674437363750426 -72706422555395434495216037347032335341471874533802977 -235390614649549998150096876547982896145010410563036737 -1368581765328765842408977603801644727433069611922133351 -119801412247164774437162087650899123031580481844015312 4342263151749124285654452177 427891419308662462570261422232663018015817345749273716 2016304351774821168697081103579615888449095595419 -9105821198835193517787115595727471403736394 -3152752692674697803070293200098509384035714842212397 10147979142887146481046679272368557 4679361738443373037057186512879403582700802 -1769510211451457981722610013956651643615646133430654 1557104276842979129908957392648317082158682356517984734 -262039375538522341850452368790968553997774804929810701 705153694672217357279338981842158875065159499011083441 -409062646335965801311593449481315917958 -1080038770134721624853040589964436178367989964155885982 -5686704123594546495136938642877991807041877605890 4686422295482993594240498149024942432226106 178716527867817480009843570988656321596559095718 -15895415272982250690593983878148564860223586187778366 -172496809166897242216814210088944545448550664237 987800251083204367144294557712748666406207296665660 15241491980203730211543901256920568704850278682673516 2420612451312415703281348942145544 -3635487485115356927555812228337325296222420627350484 -259795481332221130218996864430717018595460 222582108207685680505 -2074623909287103621519751178329069537160432445 18366433378376118630925938071269756253 230747432558216187193293767433482900108088378311 241326614019836830694041458266815242845 6861777927431725709826529409394139440212520910215 1775198985772576327598407047684892632849854497337671 -9496275046739220694618796377796639 -1941494 2079817847523942512164305658
-62707999211013153783978584104994405912309500308364331561761107480606 -126333385676681566287410394059691200753660514020609503 -150203231647555455803317576368769218308876967546605595215161129709495 61493426957772287619229098741685546054362742736789030300920353883272 199087990575642206585282984358480337892136312515661079203834686637103 1157515111651415163903718415047162532591090202994635262583137555559565 101325290593771615387122768654228166260435979833197410781565112387339 -3672586720245605813307577522344360919351807 -361900762192873674387080094989150878861780606044813901509475282928233 -1705344040081673550535832786100432634468841767647780120925762437 7701495013793022156879907983163638693042798631339653894370 2666526018044665350214594885626600018123682549460912976800047926315 -8582928333692560964506958455977444290906821997745 -3957696984096880407463600847293246037750650154064128768516 1496611208673030212754099413589360088328571438096522400576984710919 -1316963134043967450243331402297528244775270958969507258496706951903868 221626902182695997613321075793036499469212207740387610055324920183440 -596402844388214327091472050944623020371767603597671211429139229445009 345975817259448709367238902808100761916960239584889243 913472054992659506418914008613372581467805496630510747184592843289911 4809684101680139409607324159579094102047823468165708091475593818 -3963668641528743309407917309276805016146598898126201140709 -151154346016860464374695893060529186762657436818659812420098926 13443978175488651892368072981573906729000346598824457668527437259586 145893850393636511326423477701268695267562697922287015816229561 -835458828173997269568743055851166543495658507197500255420755439393 -12890904831660956982322456166391590293560076771778617118017465444561 -2047298570555347693069392910493270767341959856025 3074812049121326502704114805380101995304223678832686418958889352963 219729067856285278928841217450472985414846005547442314016 -188254849188155657586228817483195555 1754669386097133768525186119384030851528462812030385228124030 -15533908693794625115955332371982085808869675530056164 -195160893508426049299092015513178881159672436428799151995884181 -204108522887213458261221379630243629290163242825096037 -5803534611532944235662804426084387571902682563792463156410043552 -1501422643700360983990413309863646064673924367461258268763803630883 8031731935547407853003406149186392371695857893884 1641723658262439678355 -1759062300097913899370802413242675129471174
-12275386087981279240139006585589322279415805339956000068935950039538795 -24730355050313120252341875263852743281683652476713000114 -29402989783357846227593453121027522861101162648757053656806080408043790 12037627850948219258718067244949517936608988029179794604209536990651719 38972411503238923539154541610461054193001541548165151747672459673873060 226589032929923539653215602028176556873061051430221848414893114631326858 19834902694471547210118224623806354151803222136304584672039549044275270 -718926141797393844624726582905332516513862593 -70843778104022323760449831651596234841104408595190252650502082869291799 -333829124963755071601033359220275948169559765759039488998803033316 1507603909205391786123344409241759586202462370993327354352907 521985022596557366840745226772786353787036006501502122054841769818355 -1680148631548848242209149720587507247200739199275537 -774737818305260250878435170064479160037470400013306201126598 292968690457520658281551726836686243665770597435487298773514225223173 -257801734028030231362198564060364228185217372921072996620858594793908359 43384509568247458670372391991222979511134788334036174741161018902193769 -116748664778795540142631324532156006377893231480612962554298097578643254 67726395155320293463349570467816115630023782538119684436 178816455583025991870469323765551370563475920065368748740178727460357627 941518307906402376143982916617419002868264970997477913904846105987 -775906798363364316863935663064617132795054738798792470709484 -29589174899195433109955708963015598235039992190910974239440743392 2631722024923636523508832152535657122929035053829427025852271651070342 28559408113431540606293032053063573451074541894904999591215000831 -163544999130622586920170011014113504334487113962512489872837813098460 -2523455313883948067362691863764669036622555934431469359745612660007580 -400768334297697561098940562916823797937151975661448 601908935476165303756982960539755058051533595009366958364819603790128 43012999563450112793680073004229542502396830881780850219084 -36851773071934426120785419332480137732 343484793680366011093469788180180093791460760224641458123468449 -3040835763713679364300521825717504097865109603368759805 -38203663762733897783025579083706784038396837122543733645432109163 -39955204340949149627890700029251110923328266258000323181 -1136069224466942271186796057798482441669323214223974420195936351977 -293910551517366897397303916919226809987516044695526435406695402224243 1572249341463571670041249453431400147105943281419082 321375135684526410530023 -344344727278780103368919948743707660463303222
