0 0 0 0 0 0 0 0 0 1 0 0 0 0 0 0 0 0 0 0 0 0 0 0 0 0 0 0 0 0 0 0 0 0 0 0 0 0 0 0
0 0 0 0 0 0 0 0 0 0 0 0 0 0 0 0 0 0 1 0 0 0 0 0 0 0 0 0 0 0 0 0 0 0 0 0 0 0 0 0
0 0 0 0 0 0 0 0 0 0 0 0 0 1 0 0 0 0 0 0 0 0 0 0 0 0 0 0 0 0 0 0 0 0 0 0 0 0 0 0
0 0 0 0 0 0 0 0 1 1 0 0 0 1 0 0 0 0 1 0 0 0 0 0 0 0 0 0 0 0 0 0 0 0 0 0 0 0 0 0
-4 0 0 -6 -4 0 -2 0 9 1 0 0 0 7 1 0 0 0 1 0 0 0 0 0 0 0 0 0 0 0 0 0 0 0 0 0 0 0 0 0
1 0 0 -15 -7 0 0 -7 -8 -1 0 0 0 -2 -4 0 0 0 -1 0 0 0 0 0 0 0 0 1 0 0 0 0 0 0 0 0 0 0 0 0
0 0 0 -15 -8 0 -2 -3 -4 -2 0 0 0 0 -2 8 0 0 -2 0 0 0 0 0 0 1 0 3 0 0 0 0 0 0 0 0 0 0 0 0
4 0 0 37 24 0 6 5 3 -6 0 0 4 -8 4 -41 0 0 -2 0 0 0 0 1 0 -7 0 -1 0 0 0 0 0 0 0 0 0 0 0 0
29 0 0 317 226 0 42 73 52 -64 0 0 29 -58 18 -428 0 0 -35 0 19 0 0 -45 0 -69 0 12 0 0 0 0 0 0 1 0 0 0 0 0
-40 1 0 -224 -157 0 -31 171 60 49 0 0 -40 80 30 218 124 0 9 0 164 0 0 42 0 19 0 43 0 0 0 0 0 0 -18 0 0 0 0 0
-236 -353 0 -3988 -2859 0 -1042 -92 -481 884 0 0 -186 514 228 7536 -434 0 644 0 -1604 0 -52 -348 0 925 0 -830 0 0 1 0 0 0 170 0 62 273 0 0
-492 -300 0 -5474 -4358 0 -1294 -809 -700 1156 0 0 -744 760 470 10100 -605 0 741 0 -1916 0 263 -515 0 1206 0 -1080 10 19 -31 1 0 0 416 0 -313 665 0 -13
5422287 5158136 0 72464524 55133177 1 18004427 5999890 8722954 -15858233 0 0 6705401 -9744312 -5179839 -134095666 7445316 0 -10525839 0 26229892 0 -1397894 6398394 -9578 -16080036 456 14654586 12270 11525 30351 9294 0 0 -4270778 0 1685365 -6776437 0 -88565
-35254392243811 -34008363909919 0 -474421554254617 -360264629785444 7885 -118019393809566 -38929893862592 -57143371483491 103834486685276 69 -682 -43753913036947 63746984785928 33811965419369 879539657510410 -49107013724574 -6728 69149231866081 0 -172747856629745 0 8760251699971 -41931536351123 -89591206153 105275440961967 -585655629 -95828432848193 58827027511 22680696119 -283303252361 97288027534 0 0 27796115175035 0 -10827570169181 44225585226648 0 296660987240
4024399054988189997733 3882161176675717211983 0 54156704150527445541542 41125333928265065534320 -6134032223557 13472282948523758042938 4443968906734366206733 6523094539642380142331 -11853031376061517384615 113574809618 7041929231483 4994645955392263788534 -7276917645360196337391 -3859741584173543630707 -100402203177389665497454 5605719266588348734535 -8290549407363 -7893601167737707596186 -49708 19719708371213893981549 1 -1000010057153364954967 4786615975154152971030 10227170962698247254 -12017520816817155763676 66833273033498351 10939115222872962774138 -6715360170739325525 -2589111562938500124 32339980140704648920 -11105734525700140292 0 0 -3173013405717363963500 0 1236000899133769064391 -5048488845091407509353 0 -33864644266981928413
-303224012863232659104968438261 -292506899785121618284294148993 0 -4080513123803986830983705376252 -3098646186757553031156795177516 467879712126186644173 -1015088127007315321044087391823 -334837093959082926045861794408 -491491742216649511879561286649 893083337418323728470467758500 -9910281087486315480 -534469349584387465191 -376328631646009256374214853748 548289605456245787750432720050 290817663944647882008122237527 7564945359496279752515552050157 -422370810740531128453558361545 630368495374081761175 594754493799401957005411380399 35418498620552938 -1485809191697720528378142808315 366249356 75347165645674668710906358955 -360654319908455925985308648120 -770580641384334271993929993 905477025923325444203433789996 -5035633961342647596556515 -824223038054845552063970828266 505978325626928022221664250 195080289983898753858545353 -2436701361331403650755196440 836777214612182834759890596 1 36898080 239075162417707199094925878004 -2218860989 -93128227892051096221068973483 380385500001342295042669127668 1022898188 2551579190664958554526133679
49678397717495010338084514990942285291 47922570397453884707412818244275943323 114910427 668526717068496312266973315613754142666 507663546161737657176768182412930717063 -76654597003980949006306872378 166305930772447504521100507432370893927 54857694702999353044957208587528000232 80523049656084367141994569718730745272 -146317400169579326722754564167844719049 1623640888048780808695202899 87564242434720771036147170616 61655418576046531352958995478371085436 -89828469806939079002264492649754485584 -47645816161767566115627551169940564842 -1239395128147991565074684483224976702137 69198692155337453263818672356022645552 -103275781529055986113678646899 -97440997526013414541278867580338539572 -5802755434652150805619378 243426037603301179149494069269966335021 -60621789070658346 -12344426242786109692136457400312309554 59087433655942624982450407954812165327 126247295570751999172645911704827382 -148347907519325167932396248128891151283 825007967967048558275730765440958 135035743065900006032194398142651243024 -82896444313812083377288949733938848 -31960780879963086318742786865577772 399214488997554650199426420399083693 -137092543812457354014652097812984132 285420006 -6109179348054929 -39168636054950450867182905038682267355 367019245326397469 15257568489582527244383367865133308181 -62320071476523307685023451046028115452 -169176523199956164 -418035381316287048946701802639788908
-172606271176383370483984857186787352099509919557216 -166505695866660944103520932076177655024170579952798 135573202441234180321 -2322778292310848129784421668740618531617344321896020 -1763863484757651459612447614631792652951089353742419 266334357895886726989373024016732010301978 -577825531901985040180329046243585733561918928340986 -190601600757396790144319480617153596818322154375971 -279775193715493204551802108479980546988055427860067 508375914116887259299861429629798155878299367470918 -5641297068583128792764924422166201132462 -304239630694033291362561484283389595125930 -214220111500953847612279169731877717764740850205761 312106628459069321578499960600139403687564176169278 165544120637811269385398825466317345905995777865574 4306245398660731009914784206515625573086302266030968 -240429014863515636482251116672569262909486054991929 358828955272030532543803918729124360817947 338556153487803193411286267279322263526001664812917 20161519375474257361053330236197985648 -845777291306458870427796815765674027278123980643671 210628802305130644646046305015 42890380557278619730850250449709176321095801652556 -205297716217254497361741345127140591347832912200054 -438642869653104395734600543041492021079391452858 515430857881960500882902531808181986659863634877546 -2866468235376450097906566113514755548349895509 -469178096658477597123155651741997894986343179413254 288021490309637599385157184593097716272554766191 111046882851318508578467706830635461152868729791 -1387060120926295540524356840522521700522620894714 476324396131236976957888968685877831833084331256 381909433696109522789 21226185856063253394729802433 136090383891929384539764617905419920758692520427090 -1275198611893072452012417994388 -53012015789665413578925593225830784361892828505347 216529430320579599087421079097822641725898919004859 587799318326683342571465058535 1452452810558163225263301193776732435664481352599
6294659857917101684905632500727723290183281551191174561252564040261407959 6072182156205623426043397565820911377470910326450857533877513155794425148 -4944126244170455504120224617053947687025714 84707810300294838573008848763499716094158057536574778022896207318300664762 64325129073693267595122937731992915640530599348953712969909868863046143353 -9712765243148057951310164936134035297257113306248981511025263211 21072323477900843017259183977752094599789288115587408846338077413604103914 6950919204530528689108096140202756342221678036863052280561141133970736310 10202929876877236370539754987803696409058624317360441939447702417869496377 -18539612944036099509814597288256778846848529804413549414843503076246820636 205728598168420753241564602379885824397562696894498873621709467 11095106669445762930883795120963270052277511975239551410896952586 7812246492745500883515206844674954045258266854936889922590975691096354627 -11382002821575091674524362413646388974835897094106835878948304008929474682 -6037115127921220842799174567678324737714171020366829177397651417736319116 -157041513408226161842438007894625275714127548032078386018971494612583086095 8768041034809154965329372070101498339982813048146822127824833995712945814 -13085887350529974840221779051885318119632501533607552351792431238 -12346572430342149389768533604322059705682977543217550727354658474336264511 -735256638258111940268522175717606811856450465057266433243168 30844072628648839912204507390943119053453059747298828853546871018800713168 -7681277497944517606949649827297427388316384125419544 -1564139906068659513063587207919469009009024392010556677954714557487341680 7486861771518433088318495541826827181970713382669623139350199593237156224 15996566316790608302785388945885173143046635743405890457183463273718214 -18796894855146321122940769487941549854238164810871327650573332661332565177 104535266373840658114844610241376470981274506988215459422059707785604 17110134591993622198933884200747979643751889936582777904907737168004090814 -10503658418162945058418738910531562684273847056085965226864748061586220 -4049692696951428558026039296374656725709634580614141930971300228658535 50583745330957656083340438271760539416711603899080928407900893469205292 -17370748091823328438631443999944838028309748684932527040080143492027157 -13927593506901476348756076628698897496170959 -774083230778525438784566228026602108674866346456435 -4962986980106114871624018251150510148639475371805388642355026161874055407 46504344589845983608406114436330142901632148662860478 1933258887433352434419363584805326837177763645853223933235138387816969711 -7896463458756986349402227669789779302616418488939686936213076680465668647 -21436050662383216236998134034415626615249202641899131 -52968506531240565564643864652516142815170016143030503832084817314098293
813314319674398810159741932088669409499347104295849860343251009798699803957953876637 784568636079976742716021984067464841752399985358300696809376313189940040989691774794 -638815879400419757305220311973329449376866045580861896 10944844782810762926285187929329922831126823341450506421385804526861145396601986995908 8311259030897062433402252048859035592204700997389882896603094514766135362120077233009 -1254957572640320315218708142921082300253215594941885761353917598223028318119 2722692380563177394767268103983482133757330932514401889853442095062564450121953560020 898107642279360141855362542307847001717677593560286970217442599534472761205470656954 1318290290310280838416805493559644446592135745424593867105198695617780800037306065274 -2395448368769345015208877153864772076260946122648071501538063423419790354893810276653 26581581631685437192459476519725828136946129433258815632042370914826944332 1433565805978456367916639624172810803930915204738540837268983949370870562710 1009397185041621443030035677750129281162495438816782497360927463023465740544263324968 -1470634806377705707049383497246015741266995147062667199092843175404987363858505746907 -780037729423239740678056026007941070002809724389482215538602431595484320576635123234 -20290867897747417627912880292193530463481043930147653040477536266790748897398656980024 1132892561324627255405889695427238319420895368647714875013654995687827668274266888851 -1690788669771562288481108952685412578852810114296417360395440557212891589387 -1595263982987825268577061802067374559853812378000751821245251904414551897550615461170 -95000328219300777994694975653197089935709831219937447805879613106449396 3985271088858833341434024573897574297268833933108678027749989993554486357857410425144 -992475069898095858870483086236976164863381677230949838242814276 -202097875388736127009348434960529803503013802357410129896238846907061878557983613113 967355190851198935288787082691817634361314344367036522589969322068905500137157805333 2066868861024054573174133951242125099867438319980207557986032438174096106684157210 -2428691000972251696579884266036876562427732274132389151293555074815187460763935249376 13506691540431437797101315847467693399893502363631527676670929986553572186899469 2210749713143270135994958827390713003563787979660604251873769693445843804157629985447 -1357146532662253470352577528947082458367595778014448574044574418946929883870786509 -523248775161189793381968961567863030067436197124367274004937552481377667861250515 6535775617595361119576635434153670096340742030622156660408279015813044080209661837 -2244422810037515858954709889179435522263244949717748908724810842514638276947248625 -1799543024317665618776920888380777368044331528146345674 -100016997013770701413511091522962389014445620443408294686788655 -641252819117944888488827118244852905735682175687704357505265178399901781513479778572 6008688354212340550665239138336544796591519982099872365351961607 249790643542037344820506875798836672801584143874186718293200615698153425188058067985 -1020278609290546335656977707770796730369682899958626570905932385879236324821357853302 -2769688490642468325930247810082863541506960728424571851766621447 -6843903535064089345384217352681347745849676825677401376418203845084895516712467551
1 0 0 0 0 0 0 0 0 0 0 0 0 0 0 0 0 0 0 0 0 0 0 0 0 0 0 0 0 0 0 0 0 0 0 0 0 0 0 0
1 0 0 1 0 0 0 0 0 0 0 0 0 0 0 0 0 0 0 0 0 0 0 0 0 0 0 0 0 0 0 0 0 0 0 0 0 0 0 0
1 0 0 2 1 0 0 0 0 1 0 0 0 0 0 0 0 0 1 0 0 0 0 0 0 0 0 0 0 0 0 0 0 0 0 0 0 0 0 0
1 0 0 3 2 0 1 0 0 4 0 0 0 2 0 0 0 0 4 0 0 0 0 0 0 0 0 0 0 0 0 0 0 0 0 0 0 0 0 0
2 0 0 5 3 0 1 1 -4 -1 0 0 0 -4 0 0 0 0 -1 0 0 0 0 0 0 0 0 0 0 0 0 0 0 0 0 0 0 0 0 0
0 0 0 8 4 0 0 4 3 0 0 0 0 0 2 1 0 0 0 0 0 0 0 0 0 0 0 0 0 0 0 0 0 0 0 0 0 0 0 0
1 0 0 -19 -9 0 -2 -5 -7 -5 0 0 1 -2 -3 3 0 0 -4 0 0 0 0 0 0 0 0 5 0 0 0 0 0 0 0 0 0 0 0 0
11 0 0 101 67 0 16 15 9 -18 0 0 11 -22 10 -118 0 0 -7 0 1 0 0 0 0 -20 0 -1 0 0 0 0 0 0 0 0 0 0 0 0
4 0 0 45 32 0 6 12 8 -9 0 0 4 -8 3 -61 1 0 -5 0 4 0 0 -6 0 -10 0 2 0 0 0 0 0 0 0 0 0 0 0 0
-42 0 0 -242 -170 0 -35 177 61 53 0 0 -42 84 32 246 127 0 11 0 165 0 0 42 0 22 0 42 0 0 0 0 0 0 -18 0 0 1 0 0
-242 -316 0 -3791 -2767 0 -976 -155 -457 837 0 0 -229 495 233 7121 -406 0 594 0 -1480 0 -13 -332 0 868 0 -782 0 0 0 0 0 0 180 0 15 288 0 1
-146 45 0 -744 -779 0 -113 -444 -133 118 0 0 -323 126 138 1328 -118 0 48 0 -189 0 186 -99 1 156 0 -123 10 20 -30 0 0 0 145 0 -217 234 0 -17
59648 57538 0 802676 609536 0 199677 65867 96681 -175678 0 0 74028 -107854 -57207 -1488091 83083 0 -116993 0 292269 0 -14823 70944 151 -178116 1 162133 -99 -38 479 -164 0 0 -47029 0 18320 -74826 0 -503
-106204879544 -102451187002 0 -1429208724660 -1085307663685 162 -355536856114 -117277430984 -172146067122 312804409390 -3 -186 -131809933561 192039644038 101859528447 2649638802946 -147936308340 219 208314073668 0 -520407947535 0 26390511032 -126319971286 -269897555 317145326134 -1763746 -288685937627 177220006 68327291 -853460020 293083062 0 0 83736603140 0 -32618367316 133230860646 0 893696277
-5811335923639401 -5605940765697778 0 -78203676155997669 -59386041792768463 8999546 -19454323695725092 -6417205597044047 -9419516584062033 17116082703450392 -197656 -10265372 -7212397446977449 10508056571154571 5573566294540412 144983368290479238 -8094803055449275 12113686 11398563468830230 881 -28475766977615899 0 1444040286370474 -6911996796009635 -14768299518310 17353609694003583 -96508642559 -15796364229469872 9697154570182 3738744650594 -46699765187796 16036967059298 0 0 4581913109945670 0 -1784817142450263 7290147967557262 0 48901416089033
-105717656224349659276402 -101981184084789101945177 0 -1422652116393662375844073 -1080328728715428825625771 163124108390916 -353905802627779051423835 -116739411420865042945632 -171356333392376770654067 311369394374021387249498 -3455174021120 -186340278762910 -131205245033404772485662 191158646947766514918882 101392239785230598211114 2637483375143968564772698 -147257638824295102790088 219775074670283 207358416372294836754901 12348500185 -518020534916298890441289 129 26269442449471716385405 -125740468401181538030589 -268659393330280887137 315690396818225624900057 -1755650599600052762 -287361567992218708577634 176407014010886407272 68013845070929118789 -849544712525221155511 291738523857080676950 0 13 83352454819122859040161 -781 -32468727948387811246474 132619653510117290058723 360 889596338894131887915
-7809900285955493605549647764317752 -7533868108612373111645467719226487 9772 -105098538573908890345012244444766781 -79809371004360494626237865406563328 12050806518873793508242055 -26144819397796889964370267112853205 -8624133330228855437404054773866505 -12658962797296359358303643402231573 23002438845209254141196582362727611 -255251256450961619884183 -13765902956841284085765821 -9692797942196832515392036036191094 14121860290697255012222906648286136 7490359801506389390264720740027080 194844294712952105048050988866038477 -10878669813889623648720982691807581 16235901171426148659374136 15318619549080209239878468315798586 912246437297219035337 -38268808335932328607921134642116639 9530302362323 1940657156290286725689699034664979 -9289087132603109065339678739035922 -19847234111415316313156700437932 23321653245431951289447953668467302 -129698828081814943598049623803 -21228858756311818738570884441713909 13032082230847357391985498202538 5024528229618814921394637423496 -62760183400230484103718018112609 21552206719948631621758702166605 26623 960419337194 6157669248223674009939307844387064 -57698795911838 -2398629866997744451500270200858620 9797287481231757511420017565834348 26596102334874 65719000492880820900991823599148
-86322346502961891034687564579806747338781494469362 -83271379859837241360731534055536688391697301940932 67801690391491510625 -1161647669183003223343647076200966214746470300304260 -882128058716818632098517114441091201175725597903077 133196821710138758329469813748723332346621 -288977077386317337432119577193304782430912968795425 -95322014156635080721005486978101334314261858204022 -139918735572259435959991208592754100970707470489894 254244538816978607210087301150802587195881372518488 -2821276405321042903922995740430952849590 -152153676930232294547386982044148571258517 -107133898246326355524038223612445304541103586417389 156088051402162742226948044330965847027396817799026 82790485222998672027487117439135825096755347344044 2153601980371369658068390548966360983962141089471479 -120241266953769087495213623476090701662055286319098 179454414959438287706562774538601527165898 169315757723655435426568390788078441778495564088804 10083003645779442750316020874521728244 -422982779866008182912878530867328878214766958649343 105337843939097101792986985508 21449963937439374998430095085002528136202376036980 -102671707550318375361797479722831113159539880273810 -219370255363175998440062631298705642613333214603 257772795908085320562547454681026294790962572681751 -1433553152892369205890140399778017032857868373 -234641267407755029361031438014101781027228506547885 144042801674345091205996958145073177885486471060 55535800838717738775902785683398977020428310377 -693684438943041102801108396273936929715555209145 238215212520508693870974208030767910423224994992 190997223011130636191 10615455382446511100313295111 68060338677008553423865552981645806137952321120450 -637741234346247316136984916443 -26511908082063397678338147261500852912314259070376 108288814681140227474660183901171103337844033199595 293965080671664620373458550501 726388061903497449723404900570989836599431083433
203328581424617445904933614940390241256403090158762880764750324756359512468261565959 196142160472783418871347333798644499779520381132880747842492383870920037425039547362 -159703971033003144666523386074944307918272936886101951 2736211215969308498596071779355495430622102669895867021567377163294123003832471972818 2077814773114260924361420952079347256019548405982480644265177036784455786733668496004 -313739395483890598116849470643777509230670963547427197635720997849530515166 680673100182415940322453888050421704751479240769536239608144113782458713264901605984 224526912232869951457334353235892099414161039635277381203298057685606654580570984819 329572575018654203929909623934755468829735705336850599901048806151318566976476041504 -598862096627998653212120004437967321451279645353250028239711924400903820266860475356 6645395457142592240441372193321543409743512248488778318161307620646296035 358391454149154271413380427206936430159662652449163509052965057052730158573 252349298129510618100017126256766021288506592781268436073193227369233385766157421426 -367658704317607439118853121453284243794349767367563945953382247327001927708063073103 -195009433800209268352092989689947580251925351579921681993773557063254635489326297821 -5072717012009544747062927099940724584704765548233569497280989800656053922653511011865 283223142428939008764932544342248766874516825122585176581961122963588393668318717659 -422697170573731472568065728608478096609786975679928800972666946298816663854 -398815998700913730180587532722223322958946455933952420314021199475255799710270872425 -23750082230737724824025495038402321187090371599835209720653039141225895 996317779594252537093128877848927733059654723870211043915029723398435183396586501160 -248118769312294466179256629380142246524375608456583966356754611 -50524469221409566541461756144172532200840405507547986948253760489700051272132320454 241838799504055643519415384056663187034379919298647225475837046426780669303251181604 516717219083243906689094182903790381981374267777389221804501569318627510892642978 -607172754740280853468296509532582136006399600831507085545672762445950444412009405071 3376672910118260252486417926826782081558456888753375539633626317913604044746005 552687432379472611245804046294854561833312775345750570761082914322258492684050313255 -339286635678597638709653285045504129375235658820459557699664048878307083921575380 -130812194759199532723190165098574016217136333982399623496034236450419790929647311 1633943916501165062140061132294327555451256717791459984269624169277659638555694969 -561105706665386665282826952425087338654962031785734945384566697250044200567958729 -449885759411638227194650628586185788810457953790654643 -25004249438644593599603504740557065294663916610729144321542514 -160313205966896919576879689717235387562302769063059334680298349696777879417103570186 1502172099679400089820545886544568106519412527974351217141557908 62447661348047781921258698777413458679333404603157056461172327492238786431040582218 -255069654211891022939086265885964804982555004528064680716767486624648198216673236154 -692422127789261579185824627111565940018588301712614924517333830 -1710975896438908953922467062596933092244240944054878239225938211617468821554894603
2439942777690484783245355531878005422837211677080105782769276056979050755297128600740 2353705733316220154151878939158315707912499200793267694976810902106764851168106523307 -1916447495773894041994512215121359507974574407777015920 32834531908221493253096681161379571094380553649709443113737199277791027392389828661258 24933775239652207390843868005979255824065333804614757414260311173283544271542820873812 -3764872438121559724978274592523143648217395725019554340722583416204319846629 8168076534650924347622027458976843592710298792419404017765252597243325939761100356605 2694322726600250860708610813013968962766497299780107620627813776311454953684378629024 3954870577011078289430554756795776331179550533014149198057182349037532668436420292121 -7186344572230203373137744878203660824663784039508368960619225218037850057337055665834 79744738968552670186310312397548087783830851928119468418408618593414739437 4300697098314321454060387911856793316582709108721047850329215662973075135445 3028191330074444995567742496647137953201638584554753109329056282992849086498489468070 -4411904091247340574100359334914925529417070529356208756190886286547297030937304176662 -2340113014356198653388805515863421258304422515474749831954515854825559345698388189206 -60872599169286374365145227899905980061764139108782232911974015263860990822377890594052 3398677431389517787213072445560907646127250477261909951389330755830044355337586365979 -5072365632344446829784304278635356684426982133886319611527383905105538796088 -4785791593290967858057880540248489611613773386209269310940136956266105354717708184068 -285000963477078749961189487584029934136967759620992612134126049593426995 11955812378039318628792720739955213821986028071925009996659921876678504983983629469004 -2977424988416742950386340775251072699669041044858194162939939847 -606293581107422526801987756551985487897245146734906053006583982853535313830852051163 2902065356876661530338430818904183394308175556350853983659144936089561933759074467798 6200606122252864068232730127579642694884100489041357428216117688220849005254263728 -7286072461427303464391753002244533875053067596877582331953156588895737891568093084294 40520071609906288906872775348370292117000755605426778755922592935770261363170321 6632248646531516894473557725186643934929316948031324435866782835109627621903401414392 -4071439295403792280348996943490422190281324045512076294338459112889084017448158471 -1569746208822498781933249725321321043196146263389645466453597449040223520640759210 19607325395600482678659688932853109961486169585778002530917019731734087693712469974 -6733267929706659740117351690333451149032772832620603238654801569482494496075936546 -5398628671735400618724427514755594419285643190442847694 -300050968741995787541452389740069145837929616938238556924776208 -1923758314383140889114987482358195379200827895640682388140672110916756675759894434809 18026063722968302738161359639422379180415891604044837905360116491 749371874933972302163844943196897554819291171083875857815894382070977555086253050809 -3060835600395148820015854525358060683277788841272716760249331174139035903638741605059 -8309064854410766850237220681126332937489362155393843017113451970 -20531709079307925114352369389528828675768257159053066398147699237237363916749014360
