0 0 0 0 1 0 0 0 0 0 0 0 0 0 0 0 0 0 0 0 0 0 0 0 0 0 0 0 0 0 0 0 0 0 0 0 0 0 0 0
2 0 0 0 0 0 0 0 1 0 0 0 0 0 0 0 0 0 0 0 0 0 0 0 0 0 0 0 0 0 0 0 0 0 0 0 0 0 0 0
1 0 0 0 0 1 0 0 0 0 0 0 0 0 0 0 0 0 0 0 0 0 0 0 0 0 0 0 0 0 0 0 0 0 0 0 0 0 0 0
0 -1 0 0 0 -2 0 0 1 1 0 0 0 0 0 0 0 0 0 0 0 0 0 0 0 0 0 0 0 0 0 0 0 0 0 0 0 0 0 0
-1 1 -1 0 0 2 1 0 -2 0 0 0 0 0 0 0 0 0 0 0 0 0 0 1 0 0 0 0 0 0 0 0 0 0 0 0 0 0 0 0
0 0 -3 0 0 3 3 3 -3 -1 0 0 0 0 0 0 0 0 0 0 0 0 0 -1 0 0 0 0 0 0 0 0 0 0 0 0 0 1 0 0
5 -1 -6 0 0 17 6 11 -1 19 0 0 16 0 0 0 0 0 0 0 0 0 0 -2 0 0 0 0 0 0 0 0 0 1 0 0 0 -3 0 0
8 -131 3 0 143 -978 -608 148 583 49 0 0 -82 0 0 1 33 0 0 0 0 -143 0 161 0 0 0 26 0 0 0 0 0 -12 0 0 0 -157 0 0
-4539 -15522 2291 0 16615 -111441 -68846 9702 64258 -1227 0 0 -14397 0 0 -1 -11 0 0 95 1 -16627 0 17990 -83 0 0 -465 0 0 0 0 0 -915 0 0 0 -12539 0 0
19322633 66707236 -9702558 0 -70660730 473164568 292556535 -41633558 -273020237 5491589 0 0 60586311 0 -685 759 -208636 0 0 -3610 -1376 70660920 0 -76589773 2732 1 0 1759694 616 0 0 0 0 3949066 0 0 0 53329566 0 0
-2329259090 -8041075749 1169660493 0 8517740445 -57037417956 -35265993476 5018466497 32910814954 -662192614 0 0 -7303493711 106 -265 -1961 25291863 0 0 217470 2020 -8517604415 0 9232539306 -353689 -96 0 -212093565 -70 0 0 31 0 -476093231 0 0 0 -6428500346 1 0
59870872164172 206686417884537 -30064751886323 0 -218938523094174 1466079898847420 906470980565247 -128993792025960 -845933876821843 17020882627340 0 977 187727741623020 19081 7349657 51087798 -650099014277 0 0 -5586731172 -51051606 218935024778759 0 -237311594203374 9092364372 -2370 0 5451616049761 -76864 -78 0 28331 0 12237418610949 0 0 1 165237058214465 -11082 0
6807464372049225199 23500750459335770295 -3418435708970623253 0 -24893844735045465774 166696864777276177764 103067964158211523672 -14666909165636244162 -96184747631185630384 1935315917411878208 0 -1167286 21345102667410907605 1199680254 835371908764 5807815729592 -73917845984564800 0 0 -635225960732004 -5802806000378 24893446973722310303 0 -26982907790240974831 1033823800165483 -1180852890 1 619862059143222969 -5011582021 41634 0 349444798 38 1391424382870460151 0 0 87064 18787857040891219348 24631781 0
-1448988546326584668226736249 -5002202932641827862516059972 727623960691043439062330861 -19596720 5298727091872245610741412916 -35481911409324033167517654052 -21938315266377484492172051708 3121894178147694525661114662 20473202654039625836204840012 -411937609155643774877865574 0 365428689239793 -4543367044604208840017736057 -254430117683161055 -177811077193219129036 -1236209470460316620922 15733628022171183041094659 2810915 0 135209690049833201147182 1235142289547607817589 -5298642427225749100176224615 0 5743390225472562569916451887 -220052395722775120660232 252225472759202655 104058 -131939438081634310618594965 1063195816170090666 -35047204492022 61162 -71658045150646455 -58790607281 -296168717702542943104117341 0 0 12279056223567 -3999049892070292912296402452 -6481103480482003 17770669
-13272773893551362789011236676902632346 -45820312840244014954048998393623773425 6665054968354332021171142457700437175 -42345271468309361 48536482080793483061627110281101464238 -325015258844450009471656797440635359896 -200955555428141651101848802567043696825 28596634287549077800643238188307181124 187535084658065702478355065105624689260 -3773359533057808382146464930067146433 0 3347320687375972833107743 -41617363816520299114349411217675182153 -2330586813952114409012701488 -1628754229551661777025708903852 -11323711859743353939356920641674 144120454087049918525176010886755079 151756273807979 0 1238524382265156635471698234260726 11313936454111118229117808202633 -48535706550363946185427200021334219032 35668840 52609608294273439529441850105673775828 -2015685838626658485255512863190955 2310391969987582052775313294 -17622151912673515 -1208568786647297705812736267941104777 9738902615907774289077715812 -321028950305711312480001 59876247924672 -656389969925041767076950744 -538566982481816097193 -2712913386634112798035072048288520878 -228281107 0 112470857065608860054132 -36631404120510365040833672456915533599 -59366918072369903023163800 49194388322985353
354907662467978106695546809743733830310601726777852532664 1225213376955320747386832315725451053024955977100817923755 -178220400498836078020729111287121449621999084910168351345 1132288517720362183429497498620442728 -1297842450859698309988186737639267639265184612470576939614 8690753470828891030997423578544508068142890597763736789096 5373455994123988733953173787730438467497918870256562535056 -764660402628925609167266543122961915833502810110719675443 -5014598987410296456165074771422180211342470304141977914288 100897839612822885271130507707568786159333456986469430267 0 -89505763468064097132243176278604250130180099 1112828518639713952595741738170558988768193976178595700817 62318783168630230752384447961105229253369085355 43552113595927728619888533683514480219207398665398 302790670498427019574012855025891360591336121739530 -3853712410388429923520140729063302703025472853024388678 -4057159832749609297557733126502423 -24210323108621586 -33117553040882161482304718229284892986605052382113655 -302529280800204355743038137190630987085845958896143 1297821713544791329831022542581545791008228596619441659902 -834934475705377762522829350 -1406755908962496362343264750841602360039401233617494441305 53898480829569864475138671773066795582448791157532906 -61778782644027777944611729001591549090860535300 471208492300430756870500428321921101 32316554658491599625315817253639681927750145655843937433 -260413624923919904365735628454089413595677743852 8584161475940499122600148017088560935795663 -1601047526820216913196501458921257 17551555670427084977104766075610248969202594624 14401025014396137875213516429143712115018 72542013918898763371407580924895203994789984943870731219 5368975126541466458553060859 -47680417425506775610151 -3007417235834325611348037011973520500108592 979506327283001181828350890069343732137720033994129260291 1587443159200342314008970103838139738454661388 -1315431317345732826151053244344484813
234882757624352766276448353573946779138683346475685939550692382721350090 810863013371757599190186348945239329641347321940919604723780222535040364 -117948704863085716548723284160195708261768774708654463301401160437989225 749364067315806512751793214270784546694363517236473 -858929930393878284356845185512002079157777916643630148514081386397051900 5751659817279611448637992356105567623950744367000336258388914571984283885 3556226859392835749557377301462078841343708727077589097893040243003040420 -506062739718489509166822403012049068545000639153649211796753331318613564 -3318730371592046145899841210611322730415607568613245674955089608237963147 66775573797981263417393253355222427566608299421135160502141411774656287 -3826568398 -59236141593727357216439292842157437738776633739493508025506 736485173082739842264887525100481281349730384209405120207168826002897489 41243425235324869147840593196119122822089461523819822979829138 28823385977764148336030511533645514858435273573860521280836223380 200391017694677682640961170195745892160076657529943625030278602673 -2550439716485117516104155359142192552907044853760228326275068803235754 -2685084010337380678803812757838694322628395015443 -15993945667625637495007663157182 -21917650720530769964206756030995090112613751494897117340026674143323 -200218026408137972695461797964880783446720466508143594817695714433 858916206154516403648183762210022003376505797148763071492980130651532516 -552571084896559807846475121988811337990725 -931010350421151621466214039749969532731145744371300628079967373001328216 35670753685558782672620906533722483331625857316247654417944956295797 -40886045483489656962020910803971682710071616647574130909406862 311852241560225188825890118703193168774220978410896 21387539007528472764465961696404695986937334012347089552658614510843781 -172345307846383881726721663963250763619181605693920777300835445 5681115773440249824661340541807688382897191190192311349528 -1059595207305823240956187401951132780987934107662 11615860215019227032402261531133569677837453268304979687551104 9530795825812420959721655307351475580059063140861622399 48009299529937513460321765334233358077053368771399054304019967475494478 3553261359777136651411975514686776023615630 -31555553852068250518649161795586779019 -1990349965305439522869907429687805690895564595914574862870 648250718687966724851674602017277803938398300161655956228610386548690353 1050591650267716548788107822662070474275631213639506528264084 -870570483418283866263701794753527910174491538241263
271410049681807128502367221844881814397704882725702721391608125877083721534657126667537 936962648813651937351848668717006315536551016731505460857218272460251805086613886841768 -136291246622676025319429219642912398406497915567905474494519910055460799796379106879433 865899825074503685021761984215495534357943534752599095253287404007 -992504590116509308099617041648097105912788038598611765039658495443811828741984775616561 6646116950216109525883333096248840872728035932531868830792191293646586468028888258507184 4109265909297696750495902076208418329891519398556970453922256020413141280664869054099014 -584762009430981300584996348183355732185069196499847984960025273176265672729287541184389 -3834835660754906859296642319964010295053872761949865309424500641101897732878679496826780 77160035012132421983975781521662911630622885651048624644979249222878747716241070615647 5546010048287897115983896389 -68448124057809522886374713467198241164019654183074829975227107335637507160 851018097020060266329740101661998182848603975627914302018801219138485565831148210240401 47657308715992498612881627139972619270664895806937647883305042591921797593254 33305793491807089687295322478908253984580606480767288322755717208658393121887436 231554400239472371758078864606687333126389399392542469832963981862475155521105180 -2947065919877937539948325928042567763138688719704622383996075795898800606354283537089 -3102649134471573181864597856032894389143378780490482998249430926 -18481244340106283233734093591315982418423756094 -25326127516271082893590529689507666388535008820316719852642225577152048934937989467 -231354506581252674300190311389685190305333355086283265701941028187431398312122095 992488731581277827758302385663698475306208637132758122237644430154968710398081840899103 -638503000907194150283287224999188348845791738471463991334 -1075794443226865688023567880145744782175387806420579510401390159467310285656292953154061 41218015012700281978633530557026350981369496492572718450463950964633357348022818140 -47244351812804257950312095995370981663389196123519998980258253285272857328016 360349279067166974172782752745617423365190697741344887842518255464 24713576608669068024209070851394782252399419496543819392846432939136348805468030842075 -199147221524972455132047060139748914713909358466277843791889522614404751492455 6564602399566046765996985654969434708578233656737499770336999704377392226 -1224375900411607179527741290577999072014358699916100214407693645 13422275989697532795904482842694092789589186134170538125648578098318558210274 11012957250475984695663477580147499263063448105503560463927603075286043 55475363549027583395974073839446197613477974214293025931444314022341071468171077031314 4105839236321923617646079044489358094353935467739941877626 -36462848637371256082485339163994838362531449516849890 -2299875003305581580109138527668398619312828670244710286832192875405965493 749062049274605811031482200196596852091328962133296267532565534885584137210869741735799 1213972174366574736151791938796700200401706365791535252124679787634686804725 -1005955398965281376567664351886967473607162939645322254899437950431
597350575420988732121964068549740651880305152544365796164448755080575489366801641472674897317218570703045560062 2062175582934303060858865946167649668933477455815857450386262889230265980761429568192447222722463706490914697318 -299965512295312198593168380696517928042427346457546736564494920266739633043259609939431994838565014002118147718 1905772315253585594937786760518824972779062010882494414363234149070952956078260984940579636 -2184418700446559956246113664416799886057354342041219240851456646743220950020988924739571116007768517811446258988 14627541571069896650492072983390345921737763078847067152265625850092282119793048306195960047500342001527664461920 9044146885329466292353434944580738838263751735304233861835832085571494279820864865158011909324945947826886602758 -1287011749297597063271349359750906509728492290078554340011678793877203899132184626437519421910898788011273126072 -8440149107531082322055110341325713073211359049939820304901540829059002250287352522476057168015403508185638603506 169822714258507806376186669586250379622485797092278780738828539759822227574000333239074800174971918585236941440 12206299278598262165123433729024289164135594174716953 -150648534718427083112223999162159362318636529214179084052489228624576480475228287463851946630738358 1873018889847995957533950382280657590049276304516270820547474238650632674968835785585902343816305233557429079573 104889707724120672782999897154093346406897019463916074767218173584121518245046714788626023096640669193 73303235935840083006166061239485259004776356816640659062525232583941549158409463232498174018526194105805 509631660236870055907123187258231998164885814377408079567856107364316150318609045349768656294303814249005 -6486242956392173893034548087400201909417757539910221681663527998663940198238324919398839241925605708109386305 -6828668459325144784652881111364383993517202711041437922812871522699910665210190293716097 -40675656461509378164516748014234019757678398768167303191440370370724837 -55740665692984287100029545803398310072402459700723802348835662174801420370484486918250254469789795513214968 -509191711193345207140466588293575197088322890330297489014311119193122948131419158152685195389117316953989 2184383797151133111203262390362704384983926889145065586506471841592042410182888036730044321014719146722317842243 -1405291128486561700937879258511002978251304550153149837873132538816059123738850847 -2367732626148759252354458033460780433155395980502504290430338818191786731921662557106776789974291527621277597161 90717366635513625998142942786963028005464100713495066133730359022627914695161351645841106955649126945513823 -103980824489941373739880133959090780930180318065899256463409098985615704645824915053516975789130395475 793098300728616598565174636176308884313304006206878106313675892483152966165604103709373292 54392492927975432613218296033020558793448709011397032230275755079340561147604152568989550083047274315521652178 -438306199460555412112662694159453484607485338966341236049405202853425676091459015117340026113068914331 14448134936005777863775671103640355489653504484357995360155702985337057554207508892850104145896426 -2694747852925543105734125577680773077994333267488449543169183591479897240089964550142551 29541294787370518000200145550680849756885133578128672911850473862950474994120052606876031367541745212 24238587916590138359521672480091163515033502852236952535143025229252810606853949223943907636962 122096585504296667491215271561298647714154721795820335899786819049360390374158633648732866284434793275500642905 9036605067787126260107138611500705707481658628803745839444745693305254382817613940 -80251647426311725979714510761680462866719778457245421452461576960218482277652 -5061830459968508492444477328279441438132914957060649239948577697774907752868077271903200644901671 1648622247719974420769216338723492676129352079330037374246645654829469217168005000826789946536930798503976298326 2671850131390145469768095177754925797849972776393271647850946815916070352653867680710242846348333926 -2214022793644698836989056777965950652630736095004097184337957297962799689879503043942250118
93187005697890744271917627785849224766546148795999428730471870069726555899922259439141105460353066526584277467842 321700481599967972786116521909000298919870165830306545639139022239258348421972960532375319655606615702089466618573 -46794778566562691364078417017420173917010753635642977761762746345310282392519585600867361619298870247055562018461 297301489121790398620075930185362994918789654119833244042308948118629031467364887257981011867 -340770472584934145804609370091254180539966558446481801171591961138834308781577665844827405754652789446713561232582 2281904221434403446277500378083739280010010557417930054969017397100037160718707606728520389709595519576907563398838 1410891697462228602130279287730397997948785368395476787709027551574789122460649401389768910245721204966179105437470 -200774513576928763672655578567433350010021832439775193859185049900565249908065305825433665284852286562347284613509 -1316667724677831225630875331755523459199293851801401888301343109463698543633495686581105149030368628391186661261965 26492433241712076383637545668895289598976909995347246886782168487737127504766765790525725419462856290004120956479 1904189143240137945102515298855960793688482403283820848 -23501251092444657483660970395095865068113454021808847141299149823158907017298571251796679308237897577 292191937435588276329701805958871110639657640092950704598575674851966644238995397915245836872672033396791963907877 16362849879987396882317109638675678924112160341647103908210803868471922378580712779412523197924148748071 11435343575274550603664430992199369445502252947870516450331715516447246430816219151757348726381461372180958 79502808535588909721693699991895764952960235004499155855735763535975442206070364280121262674504112866752884 -1011857331700468656509125398012381202304083088589662946827446268347042178260165160847356925964311782478786637978 -1065275891263132927117053037561939582682834964141620630567350415971881728668348287471269944 -6345423920907364860234971371050418119121929482655331725385133474989907994 -8695573328736833479841133300992912523894569412033257788333460737391783844485414742325446188687990902047535037 -79434176252114773537816191394634301480853324386164154671058635078862954471209196892139671844917479383925091 340765027652387584988599233764962736700108781486450113518631096069075967747153354947514009587126460078536886528796 -219226159287083295081919514238624045737641011518579998727334695145391993522227994305 -369367541947216960026271982137141982932092608631921369290312851307702514938499873713796772905414953710401772624183 14151957174567777816466464602849416853818083165017028612684864292012552517090369899591367904517230847923577158 -16221063614756977898366700627399110614746700983824004427110903543311058595083965515013150909457086552214 123723754374721670774787366285800257010211309214795879371863580862701561318788588471893751784 8485257664361553155393177189353220978373261685504093450020701544709956621367508593224695288772941148428653544028 -68375998931224079183674613410091986926075112382156029038977957983720042845948819093169153248804461278181 2253916691478184674714320045069518296132981980722211569915992784587295934158308276842881948090261962 -420382090279188751984886058624244146270001712015876025694656211222143443500404726479083877 4608457610899023369988681951176150907724811125438283644226926987328963825402722581939826123075392697343 3781232534513346165115425690830172871182806222229303236271096543352982192787548361227301803204327 19047131914225193623545407321004099893328917919830397209209893386849017765246178645244777330703539221817245978478 1409715169936838360188682700970695055264603795859339096246426060231856886179508782023 -12519299442727322883011391173761440958557648648700646298089222735134750765998367 -789648228902113840111053951719970181174364676481331896908321011887317382349810464657812147690120282 257185942582675706883106080127552810501659268054156134044639264684370904221934512228040383150390356158803508226471 416810033609311068355461551685374585694642962286115083665243070138942429552195305852874738567010556187 -345388726781126429585970878750662722292808400544449860817326983102039778413877202197370652825
1 0 0 0 0 0 0 0 0 0 0 0 0 0 0 0 0 0 0 0 0 0 0 0 0 0 0 0 0 0 0 0 0 0 0 0 0 0 0 0
-1 0 1 0 0 0 0 0 0 0 0 0 0 0 0 0 0 0 0 0 0 0 0 0 0 0 0 0 0 0 0 0 0 0 0 0 0 0 0 0
-2 1 -2 0 1 0 0 0 -2 0 0 0 0 0 0 0 0 0 0 0 0 0 0 0 0 0 0 0 0 0 0 0 0 0 0 0 0 0 0 0
-1 1 -1 0 0 2 1 0 -2 0 0 0 0 0 0 0 0 0 0 0 0 0 0 0 0 0 0 0 0 0 0 0 0 0 0 0 0 0 0 0
0 0 -1 0 0 1 1 1 -1 1 0 0 0 0 0 0 0 0 0 0 0 0 0 0 0 0 0 0 0 0 0 0 0 0 0 0 0 0 0 0
0 0 -1 0 0 2 1 1 -1 1 0 0 1 0 0 0 0 0 0 0 0 0 0 0 0 0 0 0 0 0 0 0 0 0 0 0 0 0 0 0
0 1 0 0 -1 6 4 -1 -4 -1 0 0 0 0 0 0 0 0 0 0 0 1 0 -1 0 0 0 0 0 0 0 0 0 0 0 0 0 1 0 0
10 34 -5 0 -36 241 149 -21 -139 3 0 0 31 0 0 0 0 0 0 0 0 36 0 -39 0 0 0 1 0 0 0 0 0 2 0 0 0 27 0 0
14197 49013 -7129 0 -51916 347643 214947 -30589 -200592 4037 0 0 44513 0 0 0 -155 0 0 0 0 51915 0 -56273 1 0 0 1292 0 0 0 0 0 2902 0 0 0 39182 0 0
8198022 28301238 -4116718 0 -29978899 200747957 124121610 -17662912 -115832362 2330642 0 0 25705257 0 1 7 -89017 0 0 -765 -7 29978420 0 -32494694 1245 0 0 746481 0 0 0 0 0 1675650 0 0 0 22625644 0 0
270052558274 932276312595 -135609568836 0 -987540453944 6612875562804 4088712900503 -581837248914 -3815655249322 76774109449 0 0 846761623178 0 33130 230385 -2932325776 0 0 -25199509 -230214 987524674755 0 -1070413722317 41011837 -3 0 24589968558 -168 0 0 1 0 55197896546 0 0 0 745315521491 0 0
-177525487257547 -612854059629559 89146183031810 0 649183260428441 -4347131402596437 -2687812900336296 382484586606775 2508311943580455 -50469291128710 0 1 -556638939917357 -31546 -21784965 -151456852 1927634271347 0 0 16565462591 151326449 -649172887581923 0 703661979157226 -26960122633 30550 0 -16164802056319 131696 0 0 -9886 0 -36285653225106 0 0 0 -489950926425960 -298 0
24631519443386759 85033010859537250 -12368961632355104 0 -90073658428515111 603161007023107923 372931891289865390 -53069430634346268 -348026277032913693 7002573798877031 0 -6213 77233207937578897 4325078 3022630519 21014463967 -267457714228048 0 0 -2298444744682 -20996322831 90072219204656811 0 -97632537102056335 3740695451008 -4287617 0 2242853363262426 -18073354 596 0 1218099 1 5034605378425757 0 0 -209 67980299375949586 110184 0
2675616048836904577258199 9236770352702923478411149 -1343587119221047215309097 8517 -9784314224817117743895681 65518786777766027137923798 40509987853232710590242057 -5764704066846230118874322 -37804598063325428510925183 760659482761656742299574 0 -674775671911 8389511298151994952413567 469815543672732 328335357111507030 2282710865665746026 -29052781506985805467299 -27 0 -249670169976639060410 -2280740272901711893 9784157888117625077625216 0 -10605402714165991923753401 406335662951590982645 -465744529618638 3555 243631517240563095446271 -1963234237773469 64715198971 -12 132319555247256 108568002 546887534934154935393165 0 0 -22672639655 7384407625891013952201679 11967587162564 -9901
-7443450524987781274160335244712379 -25696303907619855557163151097022006 3737802459467286232992477851937295 -23747398134148 27219547769202282467468310647316517 -182270489837106115943494520261239276 -112697070450175804916339631273562234 16037162556047053050588263904235388 105170790638565419458639230280056250 -2116122464118287969701189497931905 0 1877197346044635682759 -23339265102616715739810549281139040 -1307006943911765318847636 -913415057188811801509140578 -6350404946487372286501130229 80823607652725197651884464613918 85090494367 0 694571838360087597003497250774 6344922840880149922821668653 -27219112847125768761817413957946821 17511 29503781170239805463571745908364706 -1130408604415813355994414182485 1295681555329295743849056 -9882618693060 -677772562209048350680329935252748 5461634498603745001700585 -180034944301700585822 33578644007 -368107398304425876667589 -302031566347037608 -1521417959346021784538054514802126 -112603 1 63074325437952653558 -20543109256485376401072970331772390 -33293320675498701009044 27588437683900
17590604863006394593634139147895974180821749049601 60726342838076437657918632623306710820529747834815 -8833296587347228852114208576891864461989945797492 56120625200463777298920150970 -64326122374347415011999111510819638669906518753349 430747561785724323470295941178787422880283637635979 266329389689963845219654624743983468074430299391354 -37899545204230189564991556539402981251721242397814 -248543039957401093440556609303859131550621157115908 5000889571721488080815792568896687685629890728325 0 -4436253946110520101067564668232567011 55156111918102522276623841764625309442732473567210 3088761405261730514420911281872167649442 2158612231382454495991407128664910256294061 15007483929494380068003850509053977404593584 -191004983649579984099388259461058072008025222990 -201088629610521809756454497 -1197806798 -1641434804537013373306738270828842918151156151 -14994528438861347529120258003267022392994031 64325094552322069664716871689132590087790244370158 -41382601734791995910 -69724297190938709117929249674762381994711231791916 2671418454017831941915692242955065399945643706 -3061996877868764008868005997954511045674 23354926570225114787182494832 1601734207647784583258514803617122406962023087698 -12907112641990756956274437303695530179428 425464447719934113112271378634460714 -79354145851187801910450405 869923400308097703185114371152398172596 713770840812347156149666497058163 3595464504599676632826774720636509227275125196425 266107300454940629754 -2363227018732201 -149059301469800467382374518237115004 48548145295692220339191258377451018164621030551625 78679860451013096541870022803489825854 -65197895043870784692268537009
-272830944100034421115744641867491728127449821153221345312813865505 -941867865106665338685568330393386132930274727243511168854392704910 137004762838477302699504390850195527909419561063786610906015332243 -870433011040295220058214937486786368413203166 997700581325437799769862368455848171413211366550980991944103552830 -6680910910456414029452997512052928695629225817606631629575463886217 -4130778867275406372059137156294691809788374767159910599895342379367 587823373872592659906318702680389282431444009710482502365356106359 3854911912874435001134107492335960550404420472143474509077667899559 -77563985651349708302282362599803387815323089873576501134827624151 -5575269 68806465827120912092224340978442085324727137666899228 -855473373695643405098827375962489368045983310726078331955784219662 -47906805755699306899265926141541760521241549120718344315 -33480157028170687194583205856142823090532983663184876003939 -232766641109705294837058249852315581717148038899301877691463 2962494491961438886567389310080868977598338795628904182529331512 3118892220687639363603640014926610385965167 18577997932433807854211301 25458715654644628118035331725188344327502377797658834448585457 232565700961926583673504369114814569215251134065906768701748 -997684639767104492179918050883275117419378053036074828921069675907 641845711875612729363082339504053494 1081426476091282699124314682022929009413298731508400805092970785401 -41433800859726271246218430988978026290366754161069211534497381 47491686927558779065595125137906767983692077086738965541 -362235790933028393666116374538719669653243383 -24842957901288330529760162440799837273927954713000116712461556737 200189803315153215185394025834767953172890307321988316930 -6598969612270072608824018132501068872937029036928348 1230785791588247284864461493700635359334881 -13492544710609033457462668006330814731659487691889223101 -11070612630237060783947826144230913211097259700843 -55765789914994336293591805627865189154525915151235341935651069373 -4127334254873624237467878204128674984 36653740088009323772727429869848 2311915381171650059970088012435583995889011473021306 -752983562446162951798672001977446960648753434261720170921840905833 -1220327599629799022247870864407816106956967301441305122 1011221808271241533219497727144637322850321182
-836644542879643076589799492438586156757717333146891776238939666360045906185239764069627898 -2888266989122264788816605306208040470305999742187550137849350978141970152437132892655194235 420129349899930550671490321411655852622234553478818592794005190313663912350020193973908706 -2669209795946556021714358229040377142778591235616923007433662624266444 3059479743205821201804522479082119203916082367110877539217943879609168157760432993120973538 -20487220293637217822277450442575174703402089856792394324050970161137693552199885377439680382 -12667161375512339348715765102567797301400271422131455575786225924887422812467476871439236094 1802578587813283041079933010497039473300179554414541766621296276687745685320499189702067636 11821206812983774192526429320708485904291094116677476514550674969000681223308288700090136460 -237852365072648239285730795906733970269261164121255797748737913375962284517895618220251456 -17096047280060339121698093621672 210997159207822039742822391996717906569300005835394585348337465684760397047485 -2623335604552516579053389592179775823118408525275928868595228436967782205956834330666844174 -146907704089478477114945371579014594082355667878421442772655950514172442422128509 -102667938802800191877876501142277330398213265539774791112997947903336614251883177325 -713786116495114797180396639224029879395863681917562733436417076972100163648828373041 9084581143045737775546707630542015859029223623998925009630227399237292753475280433389473 9564179623669585429723094455810023340626942529322518096734146074722 56970006235593199282843876386086730501923540298610 78069940312097760961414435056526963268675448569128015457614284504791927670374509544566 713169927306461593679405217534840863416928325982188822796071496355285763335870043624 -3059430857923293758427669590278707403199078521787100142392520384953860449407951594313855439 1968239761009438080314532867130562042763117741965009725911210 3316227793485175746511929706049045040244971509738703620042543656225601128423574785733704475 -127058034030559494134460360015415802406501671026268458299856846934472786879410347330185 145634729341852255757144053271592983476606790203628624838688729369028078105936377 -1110807275617132842129282062633749918938170734019444572173836790021795 -76181700084140016604442502053701428118716839791956184260288394280237671714413609657568368 613888234108672305659844386488302846255329822002717344124608315854237227299989719 -20235944764058945564376078764595500535937492833271297046655429382126003780925 3774242761878779456662478337802657397417624475597652222189091416301 -41375306378559779701093150221841158385814978939701995608217519468297484329421199 -33948376618255891904920072240736161553433649890882374375317072763720737379 -171007522499522663787560321401562743754215889657774688808710223596990647898728958782015233 -12656598364861942233065731141201984912663024099764686194802960 112399829579147550045895766309579217357849876964114659254 7089560143689459585558687898193239652152124539595521835420241850089843695053 -2309047423035969694348354569279999005513421614747942269764496708692468720793229980433591247 -3742172392224465739981911532039104379382174993569775180719578152934765908260246 3100943004547233133868489515899171614381814792537341541145654561699170
1414399275492155665956432239481927979840771529204250595567873037159363419858872369588322363572447077239 4882793740316213595840936832761300077458423558719453563334804131276472477306269835636779533420369178722 -710254615497965656087689315499517300649719041219563115767849706289635526835026384533932245691335940267 4512464025079381636053946819628725711347868616708626579425404844116726622882085025 -5172239476132882402123982343841659781989476293249894949343333604536445497910199947464810241155936714335 34634911309446287652231273994190724112370166699902907868449626453319303100616894435804602008014059519331 21414618698641614630708800820321778985971215530454266974912941797333178535894988568160189920797825277699 -3047370439835107804709660381412511095590571432691917491723348857693874860077381913959914385422927126182 -19984480259895097739445476296695981106587605755119021680830386399204772237070492559359069807138075966460 402104114221474573325085711100177837782057739975293622441518741072622640268709768139365987778385716506 28901923872631109605792318069276563513104441 -356703729982230073848356290330674096327861385520771561357383317507974872068052787890421805 4434910871086178659706793567951071560114269097090131534317026367669058182660213218374650223704979297914 248356547588532806669254101171358800121380891536698823817795153533882946758350274223577917360 173566491880941481412002029629134658246575161890732375987805200897473424443840447586353162893060 1206699517279089493885719511693273226453224404769264079657653390258021554928994358896938244397570 -15358045535859113341822232630404689430106435169032924516868313161571227719862477677283970978698735094 -16168836389985431443119437139521541813425178779326923724487876604531137024756850 -96311314321210298609884554264903993772171958362863941878381687 -131982056125156444747173242308842570512287682108529544959514478242290656671749184919196907847023011 -1205657811396448522935336495441918033113291958487234907337946403780255285447283309904286491318161 5172156832543346682201431991855232273395991655601827245566546592693157182123124686632211778424453548121 -3327430885265550800952798075647364317322028650634968653440362522261065680 -5606287913297413525682021081189446155908606470300757263267481612188031622939220611976137132357162281967 214799454329475748669119208507971213879525279960511149279613593685137049223389647445905318773141290 -246204505151770806058363521541739751923248266133945374338928176790424702665083396716530832554 1877888308978434134534927025155781194642381954714163109430694107436367635280423449 128789869391724564524894147993039858881198327573017847150979210699705829251319534433559485927306044710 -1037815976863872631581512193676151628957974601103501604929647186927215958971849272719624668201 34210114506539819344341079891224562041548198046729893744565629393853401138799785208279935 -6380590506882450919530711228824674588801471192622952561734158936841301436988714 69947510998729584306014686611847684709331270872646220011014930924257035259328908729933838132 57391827511033529762246619438679950655068719271661626626653956676377191474305958417001 289098779147631880563595836330736370516406698875326899050032263258339674922166879671337652778192335137 21396761276707665712640428139826093068552629667337558463776451819760005951 -190018854333289002974282902913201532531143966524471655048673737401691 -11985339313012112985900558374110438463005606335142896923438030892201456038519585160066749 3903587288071187913160095697915190827731982216313956633225368074904496324956574100483069292567950545445 6326373566139968457878277836259626717794560226409551357815484601854116747065297829289139128 -5242335680428894294808535816173819841313830170629766074750820693692626547893107132
7168206938977025178617561112201115211481166081696969380465037887287846099837975813324754095780645178684956626480 24746107112328184848783245516228490779054891574047519354862184737177654340303019675228575766133854250887515362329 -3599586164579601935548298325591180068451383871577444458630037864086445200503405740539380153979691748288797893489 22869267891277009206224815743255972691398289467097255685150226100151017263552789686108799338 -26213024529417786005904776802522859929630842881920405286131812204182629271607476272224157695080956895058895749013 175530499683576544910309829663455639713077177624591135969169463827532967140183180229640829447873127489320803509586 108529763137595243024540848829160582154692704614582461332668364791740086048090795319474873578804497505452229084973 -15444141064664054963678264184437472749504815066577337813480062777592965147914056038415455045870515603807583040659 -101281789769711962324225848294954823174066180899750870635518550163128162930802391803674365307223013569109122975446 2037872580746786519674773986144466385117573170295993874154506142337519488162029175022595198192234535999945679505 146475592036408010022407877654637272859693017080532608 -1807782425176864145525120435057833730887344909629070772000775122300238222390673343462486708521997596 22476226784549777635495338111984892993844499125954645318980673170985763409688314931544044123496561922941235299904 1258676498646419246687360013417481287355906844279361067822895343190174816223687912937641325115776896202 879638835393170710531822704687085385632331849272137330112208914106359812351096648601536217398764637401883 6115579951785805800784860658814556898377442945900916251212809622808024133151442628902883311833387609914619 -77834915845077427933403698463677998191452858293413894201051797941228514163214373264207798799804328191470583877 -81944021899720352290374584750887799220242992964448940458809005755945094613110178478552672 -488107879848193462531808011279034119438924032326283458371394837318568497 -668887991481475130588050587592160831986642441021226539299922904715320636638672747793100005080430579411294125 -6110300563238521715377425131645112712408691076971893304713544545591318919570998886355268672229956666895411 26212605689870681612515403822445349277581460481764812533403735802926843431053394266269821257998126105632795287239 -16863493621649037571148881556611806717306360586111640152357985335067099675258827477 -28412791648255072915525534800299707444246756639429676244676803831835818168211549168977696638614061084944284663592 1088608404778248970982063608829117935737048584386295335162764913509417605487807997237829988967113044809191905 -1247769899784649712583362254041556501511593841120411266065746862764478686759604379400085699643590949044 9517179653785604157296328135419811521572414781393214567976353054864669191741197311046007403 652709918224802486468087922826342538451344041216866879285545771273083101741171643955369249360612943146065329145 -5259674418419263579803061161022290350674669665768885927416861653567280531020674458864876487661425013306 173377620052618129753151965787154366955277344812430209198309019391144549844149078249354291714839360 -32336974388148561407090311997628784157612897001041819805392198451324341546575552163367084 354495539126176522324921367514456635900596197336692184074182948491490183042918038417539784022399751349 290863056375656851849585972115631776012966525887053966866688720666725503654658041316497353420435 1465159032985756471947853386089385768025819013922372589013914654567240587335108805592297424651476981051402995270 108439261326658842350793118856687121599879125531840358152739044538714715121352829046 -963019773673449572811449672557254980372967129482377912066423529346807171701887 -60741965807097191585710662334661520728894086931012068276113487218773635279498075319282668299770036 19783467066269424873302455038846755462595860653614704686420293611809083517008602380731100678371199084153239749427 32062201728423366024874324958345440740296929459823819183811265027496543293170396082210024733939830149 -26568273649476749373325617747915824218207039491082128942129621689676545669213317188516636412
