0 0 0 0 0 0 0 0 0 0 0 0 0 0 0 0 0 0 0 0 1 0 0 0 0 0 0 0 0 0 0 0 0 0 0 0 0 0 0 0
0 0 0 0 0 1 0 0 0 0 0 0 0 0 0 0 0 0 0 0 -2 0 0 0 0 0 0 0 0 0 0 0 0 0 0 0 0 0 0 0
0 0 2 0 0 -2 1 0 0 0 0 0 0 0 0 0 0 0 0 0 5 0 0 0 0 0 0 0 0 0 0 0 0 0 0 0 0 0 0 0
0 0 2 0 -3 -2 0 0 0 0 1 0 0 0 0 0 0 0 0 0 4 0 0 0 0 0 0 0 0 0 0 0 0 0 0 0 0 0 0 0
0 0 4 -1 -8 -4 0 0 0 0 2 0 1 0 0 0 0 0 0 0 8 0 0 0 0 0 0 0 0 0 0 0 0 0 0 0 0 0 0 0
0 0 -2 0 7 2 0 1 0 0 -1 0 -2 0 0 0 1 0 0 0 -4 0 0 0 0 0 0 0 0 0 0 0 0 0 0 0 0 0 0 0
0 0 -8 0 27 8 0 4 0 0 -4 0 -8 0 0 0 4 1 0 0 -16 0 0 0 0 0 0 0 0 0 0 0 0 0 0 0 0 0 0 0
-71 36 133 6 -257 -138 40 45 0 0 11 1 34 -56 0 0 -149 39 0 0 203 0 0 0 0 0 0 186 0 0 0 0 0 0 118 0 0 0 0 0
18492 -9246 23346 -7732 -70657 -37274 4684 13974 0 1 18578 0 21692 6904 0 0 -52754 24790 0 0 79110 0 0 0 0 0 0 -580 0 0 0 0 0 0 124 0 0 0 0 0
-56883 28487 -72467 23233 219493 115557 -14455 -42848 0 127 -57137 13 -67566 -21282 242 0 163705 -77381 0 0 -245313 0 1 0 0 0 0 1377 0 -55 0 0 0 0 -45 0 41 0 0 0
-248453 126347 -318872 98530 950700 505040 -63925 -185166 0 2936 -246413 -243 -294615 -93934 1153 0 712817 -340723 0 0 -1069120 0 -17 1 0 0 0 6137 0 1093 0 0 0 0 1923 0 -833 0 0 0
-801126472240 407408285258 -1028236794240 317660494772 3065473476756 1628500222288 -206163302492 -597046524237 0 9460656236 -794501735354 -763371834 -949997297702 -302916790063 3706528483 0 2298434455074 -1098693827956 7166 0 -3447400715372 0 -32572660 10676077 -13198 0 0 19813942519 0 3485371519 0 -22599 1 0 6236343248 0 -2689404426 0 0 0
335854567118253 -170796484331996 431065361313503 -133172477665278 -1285131067031974 -682712393072815 86429389808283 250298592665634 0 -3966177080338 333077075645455 320067579485 398264958388661 126991199308654 -1553517438711 4002 -963566608415305 460602675454918 -165914388 0 1445245574584856 0 13486135213 -4654748715 328248694 -3634 1 -8306660311504 -99 -1461320356956 0 365031266 2473 0 -2614428594496 0 1127401610623 0 0 0
1288191620175508365577 -655100815339485600655 1653378696886498528702 -510791532651153734964 -4929202206650634383471 -2618586943584511218062 331505438964565943518 960036221392671463810 -359871 -15212525166589685745 1277538375871322295486 1227639425277460910 1527570660283323548102 487082846881323163273 -5958617463617030507 -3145339990 -3695821211114830895612 1766670951294726166884 -635318158700896 0 5543331615908243244249 380740 51728009631937868 -17852481373501117 1257016633904034 2859189122 -321549 -31860724886793041093 5285335 -5604986588253910480 50 1397918435885890 -3331881661 211 -10027807654358576913 0 4324221235195099117 -1099 0 0
871817982011152470088101 -443356921360386539245270 1118968060686096189343236 -345691771511087567026597 -3335968852321731597361021 -1772198444021598694371981 224355133426839725332895 649730077484999166415221 213365804 -10295481498490483583870 864608115244736382885583 830837671670559770250 1033824121792013533323980 329646287081462962894143 -4032653039699486320516 -2129104673616 -2501245420079298756001596 1195641610699014635358938 -429968441793783743 -1229 3751597283594814003527666 -222797161 35008308016195573764 -12082142118218658533 850719403298340052 1935390786727 122599746 -21562593981474642622005 3470201960 -3793323927895401506157 648 946078442688764051 -2255373495710 -1178008 -6786585859042417478046 -326 2926531869959549862768 475 0 0
-78043994618211165322921252088107 39688726200366500881210206727054 -100168543329057818065318795142521 30945870941012638026468113491037 298631526911757159747439285030191 158644864732618657359009716774923 -20083975310236651562056269385285 -58162978645559225815620044425708 -19099592964356950 921637909792282063700680552231 -77398576865048787090111333646526 -74375491346122293603261372107 -92546570341652651915906887493140 -29509500361016738536883452833926 360997775477626574788816756253 190594638550899917817 223908187409923127535505674022177 -107032258287957122324036371263030 38490207187507019468155704 89102618091 -335838035291664662077858770083195 19943830953405179 -3133897509323965595130881932 1081577409398638617318029508 -76155277710098797855912044 -173253627261355098904 -10974489634260972 1930254942393872754832833304215 -310648060068687626 339573349394407552906665280116 -46962860284 -84691693006127347749484466 201898056814937719379 105464840267126 607526205226125983816690536178 23561435653 -261979268863285308591444663376 -33830050449 40670 339
-7388719494661093380481346334452809903606777768083 3757481487582471242351386622583723964461780335116 -9483334015228781669639345487421983314463836208396 2929762386198667563850832845959749523632630516754 28272573635004999568259116160599057569237695116776 15019508041740458237193111643268283335621867766215 -1901425735970855211153783187235433482520388206402 -5506508685111825227654525248291738865046254989667 -1808235346258280896266564791843586 87254939017587428498302129243987295511864713843 -7327615360277402465931921130323970260071221191003 -7041408445613558802620211744044115474463257061 -8761733068540699031329937565233126096839581091727 -2793775762783354976283016929013445936853047579727 34177021745865690875860087056501906290642089598 18044313706462521028144966168029761469 21198233091773137850770116068972017937579263602068 -10133147812827276048026924925455316566128639367575 3644013169637048647188674327169185307951494 8599234289760049951373936360 -31795054194076042056684861883840363354126423510658 1888162889412894875962280991119829 -296697903979515797412277004492735131273549527 102397015028545956117195281468863983088647194 -7209907537287587968767490507356163610036066 -16402574725112892393904459956100819457 -1038999980284808591632505392212724 182744519835271767731668914419705308170367735935 -29410222944196756638359684779932365 32148690476593784295076038697586624137014465179 -4539059143250269960361583117 -8018082188275603514354720016442286756643308 19114450970348374695290355481252706674 9984662905196308960400345956497 57516798544603268694318034400499745219844919073 2277326668621514217804395810 -24802566046453144054299684432362293926663659200 -3262149598752554646561530580 46571954726768146275974 -699154707272520523444
-71593071084699929770452015769342302579820317690286054 36408154272782399707086485400649507538709381892001579 -91888859329794968090677347584046092140557952469439542 28387961801495099730874024080110236632790371119506534 273947383638112872015988408661399755272739802178120438 145531672662161133197124525583988983556032518238508134 -18423883593903207645119729178834395919355084169176351 -53355370711608119275808690243043302591386015088077147 -17520914385233371659632580603070564561 845457600074155393456113669482045415968510638169057 -71001001966409318993682219896533156155362891165334984 -68227797218107926948659247966853835608837255082131 -84896899774643891664304977904780889746841993530854979 -27070318060414446863573123523388307629392124868141974 331158592376273386197119853324671679635448172859294 174840557256890570566807322504480397599654 205400490532353632686880360399901494312299388134130800 -98185236589332779855679276344814720010051145559619018 35308701876680768536699687818740535048462648581 83322365897694356768974771027476 -308078494075079589500990344197556453062732074660465041 18295373110161702929021073943846839326 -2874857293694197390404766737658291021113779533498 992176896293994844985991487840850174433185887613 -69860470843983538036693289389162518874416692879 -158932911056596156602882322424830642881436 -10067400650305490882895784106622527483 1770704843831139587777719129722239078684566293530488 -284970647942745967095789767089492636666 311505056354337293513343585313084806071403167613994 -43981258551796914432248742229848 -77691287168631611413730719262236306296940205500 185209662926570668656620013210607228343543 96746490599138765194376725941715718 557309591972407553097156870078116983208791648350095 22066179324382489685408414476360 -240324710571264213077395693397038694113729011318852 -31608630881746712474172872669900 451259342638877241273698836 -6774451527882458472013632
109565733460601039832086786712854189559063308974645564515270638173 -55718885450866238231913419575443939546479824727582972604628732435 140626322027950707341639130196248863673482038160539797464897989768 -43444816783352719873734531718207325368073413630865034860690219926 -419247918313382926185826102846752000154576586608561389735440781272 -222721056875927669086243769864647760307122934666423387922990306317 28195833599183838504646157633869722792401867558405008219657955375 81654833875801412861592018289298182661985583614086743548126782117 26813933337869412753776160376906024883126682174589 -1293884738543655897681938013678524539650494785845906207485235938 108659633383847306004331839050106090304481179093584209152425995168 104415532555645810457635306063088397647541417272025121814829904 129925856670337303781118867244888565530725539461853058145836667226 41428300369907161403494276795817120569180471036137459298462621515 -506803710411589393695027919146310160514366082294409082878705343 -267575250010546722574330224615638134049224644279896535 -314344042759663810989056418796746230675107994677664586085712238277 150262271179646480857855559261792211493086497688438214873810452272 -54036288149775821181148023304881353266081323202973889607159 -127516196678486395417483852085962083114972671 471482025499912310369073555597844018504390894956747535596224474723 -27999161697906457723523387403267193957730080739160 4399669454122335106890818077211344036429232434182143975598590 -1518423329493770276310117068463085797863886442147640320084967 106914169373574823482759679860178009143655774931523561762266 243230255485797514143375603654495332123252856367574804 15407107413893057814542875797968310308130918186161 -2709879210616223609669115739191103791439745427532927648854670218 436117875424711523571667948275115147446242878882231 -476726021932627608408440257545732942284063573602138188892276826 67308732238164723027098938350984219866717629 118898417586509414408083293175377469669150783289327411688476 -283444085511190177635257987979950777185042389321804478 -148060420395893828021284233217275769472877952472 -852904244558027092953283327257824771351279035961753117360022961 -33769987594034090520612158155524579745758932 367791921529602688858893826209467006829298830411880025022647543 48373715134342160705653290134018340993511418 -690605391109469707254397581715153393966 10367591991794800879229292818584891443
370660518909412273184350607617511564976273291215538338146755102868642 -188496807733220349486211234560069749528071610320313045977871006515538 475738388717544803130819123356378921336310951808143679720346892532771 -146973673467284115985069091048839531040256869144904757663859099274451 -1418314340127239821434023477620214406835094637151378513824976815114805 -753464608926930574408490308795936281107769160863066213235874246157100 95386413095249789709314696939175378467388059506539448992028125099238 276238036655410141081579077000103354790943096969792279761170032891418 90711449018784713234642212717339315321624305193247854 -4377207850025648390296268641319144251212601098741120269248235971632 367595185305323653395831118522435890529208489486804946609578310014430 353237406047169786314721932380404059759490800845636862612378429699 439538749316131020021776104458122489439930179926032600398504076162038 140151805018186824393073791992117081418404022720936846124857077653744 -1714515299200961879148724292638607461394248866729254727740417983614 -905206197993363983193289831466713877713312553849001276984 -1063424871310493278643661691639029238707252408949453566478453284532340 508336773266639332458750142695789346245807138564584831706572737398325 -182804586552023965847743358269161671241744032772004980540120357 -431386877423666729444913070219830262565376908691 1595022154359058444289486303123250833417020072104983666119932174693847 -94721072694744111693076268599658003597493658544694050 14884067412201389996925794205086605765223664204087663600225604680 -5136821170797015590819878782822424035536590717678270614212137675 361690286252026584303224227907740798004213191754832431356809769 822847160926038525554624020527969762632218659470837756814 52122194125412522637086397436279033653018883834865850 -9167512530275064661201308157863870474402440547208971088068333818653 1475385350007469629464279402361368905828318139957665653 -1612762577185765604941622717403508335963059000045511891615806182359 227705221610223343712331605525771576757810396294 402232958865475307535902624982763585920626355046904580256247993 -958890416730161912331221765583224224472518227342990084906 -500887919247327432232696247204395495597059337643755 -2885372277287764049027760284836903075109511679109492281121354192817 -114243757877732604705141338330432107564157777486 1244238870849836368919929813726509842962268384075321549186690474674 163648120511317718697792416689242335521463218457 -2336315785467014352345258409099649394718492 35073529890634909603532557376500448214063
1 0 0 0 0 0 0 0 0 0 0 0 0 0 0 0 0 0 0 0 0 0 0 0 0 0 0 0 0 0 0 0 0 0 0 0 0 0 0 0
0 0 1 0 0 0 0 0 0 0 0 0 0 0 0 0 0 0 0 0 0 0 0 0 0 0 0 0 0 0 0 0 0 0 0 0 0 0 0 0
0 0 0 0 1 0 0 0 0 0 0 0 0 0 0 0 0 0 0 0 0 0 0 0 0 0 0 0 0 0 0 0 0 0 0 0 0 0 0 0
0 0 0 1 0 0 0 0 0 0 0 0 0 0 0 0 0 0 0 0 0 0 0 0 0 0 0 0 0 0 0 0 0 0 0 0 0 0 0 0
0 0 4 -2 -6 -4 0 1 0 0 2 0 0 0 0 0 0 0 0 0 8 0 0 0 0 0 0 0 0 0 0 0 0 0 0 0 0 0 0 0
0 0 6 -2 5 -4 2 4 0 0 0 0 -4 1 0 0 0 0 0 0 10 0 0 0 0 0 0 0 0 0 0 0 0 0 0 0 0 0 0 0
-2 1 -26 1 82 27 -1 9 0 0 -13 0 -24 -1 0 0 17 0 0 0 -55 0 0 0 0 0 0 0 0 0 0 0 0 0 0 0 0 0 0 0
-24 12 -30 10 91 48 -6 -18 0 0 -24 0 -28 -9 0 0 68 -32 0 0 -102 0 0 0 0 0 0 1 0 0 0 0 0 0 0 0 0 0 0 0
-17085 8543 -21573 7141 65289 34442 -4328 -12910 0 0 -17164 0 -20045 -6379 1 0 48746 -22909 0 0 -73099 0 0 0 0 0 0 534 0 0 0 0 0 0 -113 0 0 0 0 0
99720 -50078 127208 -40518 -384209 -202601 25397 74973 0 -394 99939 -1 118411 37379 -431 0 -286826 135850 0 0 429879 0 0 0 0 0 0 -2423 0 0 0 0 0 0 -73 0 1 0 0 0
72187 -37585 98304 -23192 -274048 -149097 23372 52196 0 -27 65996 -2380 88442 30960 1031 0 -205393 104570 0 0 318838 0 -2689 -902 0 0 0 -4861 0 4434 0 1 0 0 -4834 0 634 0 0 0
162387211 -82580133 208421740 -64390074 -621365116 -330093979 41788972 121020565 0 -1917675 161043910 154824 192562214 61400874 -750512 0 -465886721 222702755 -359 0 698781130 0 6231 -2557 711 0 0 -4016484 0 -706821 0 785 0 0 -1264053 0 544981 0 0 0
-4893281024044 2488443751813 -6280468275260 1940275402317 18723900422366 9946875604561 -1259245323789 -3646761049344 0 57785782460 -4852813971257 -4663269519 -5802578131712 -1850216392089 22634202212 11 14038821179136 -6710816392641 2413352 0 -21056711579931 0 -196492209 67813887 -4774963 -10 0 121025069645 0 21290912113 0 -5310197 12 0 38091290256 0 -16425840189 0 0 0
-739619504438910503 376128312597635024 -949292879482075464 293272657836012556 2830117846027953722 1503470405497894045 -190334950674786767 -551207990479786497 -181 8734321935305177 -733502908779176769 -704853260278700 -877059776712680286 -279660237024337449 3421160040672852 1806257 2121968044076751195 -1014340004265286604 364770000627 0 -3182722289514858734 189 -29699808859702 10250061538561 -721720217372 -1641917 -104 18292941191928407 -2944 3218121696978681 0 -802619449681 1913379 1 5757499126500995 0 -2482766008554835 0 0 0
-360838469086222271347779249 183501873170145296194823095 -463131904027628717140881368 143079051111117482545357609 1380730747046803826827188811 733498719517761135389821056 -92858789962811726251588465 -268918066977839156647988607 -88295544475 4261217202529906832623820 -357854363068693564327625013 -343877047377684542516011 -427891510738610016052182879 -136437953821547587084197044 1669082743446379769591759 881219330701066 1035245414539744525598172793 -494866471307652392368157455 177960488880372554306 17173 -1552756020605991204145442296 92198058618 -14489657853490080182327 5000701700559364876708 -352105936610967613990 -801042708962749 -50731827127 8924584675180019202152992 -1436292573488 1570026343953528834500985 -8504 -391574278050772623774 933480984022459 487829461 2808913445499159508919161 2765 -1211268064524429816926969 7445 0 0
-52709242193907066753181655073 26804915508189967984316598809 -67651688465856237700714103935 20900178345696945162284012708 201689336325374180109909805990 107145343327415751214573421674 -13564286708060071772585097306 -39282029874883601887205767466 -12899490299398 622454501976402510671960910 -52273340868839002496200640229 -50231613666515512141195863 -62503971179550004106050555905 -19930084424293028582918803279 243810164666684523500754999 128723536204699675 151222793465705404611466226825 -72287294522265689205033201112 25995461440236490093118 61347682 -226817815088922227674638261516 13469673032567 -2116567246947327804745731 730474213965316195051762 -51433643252144952855338 -117011788634670330 -7411961182368 1303652840328648871615741462 -209805036596540 229340566220190555270756875 -32382159 -57198955285533698903008 136357622769172395 71228039383 410310185262312765097085371 16246706 -176935186363146588439529011 -23272409 333 -5
16643019239721362352559472524320870546773560 -8463690729620845483866441093080331276184455 21361118200007683037366931743011081252784572 -6599261454782419781066984759194438850988801 -63683698820049734340541291359858570293018841 -33831296680088925142412431099439366118156614 4282943090413775726777105321501784164884022 12403357585333866863715308021613386189987200 4073032638395470563430971385 -196540906699697465539076477238741627130436 16505382767676495066354703723328224648421594 15860704458974490951940207721990412930909 19735719042845367867945310122356940896658439 6292952900034720442469652960699234621888395 -76983411115258242238511692509910683028585 -40644642201022999656372209506279 -47748815129523438849740716374767056355353052 22824817497765934520115115201418344100092040 -8208104440274086508028526844978717026 -19369692034793845336720 71618052229801531374725209659414472655574270 -4253068656742878181273743484 668309160725904262346677591502873976446 -230648286545664305882919983253839865873 16240247034197813937769900645316783752 36946641015168576461911619235141 2340337412244702486077917989 -411630264455123205257839362823728091848675 66246242892080043157736050136 -72414614537798078694205647117971023209177 10224186798740249945140 18060652623443367961313457661386323872 -43055116043596714209871128148991 -22490356678679924439446814 -129556032743792400621793041325285365372721 -5129656284876123890287 55867540269169923443409223085263757213801 7347960409244976976140 -104902860125240276 1574835741311022
20482333288907881169525179245891625873217816533433453693079011088 -10416146967167503388485898458451249573361172183449385431131785726 26288832338310655194706580343348500663459664127287294870893516780 -8121619679132185975127693061327671809356095203245512297571560760 -78374646181357557181687115586397345674323298599456210608222041849 -41635708294062234782925377669382182732077855426010996738578697025 5270958746830647970172069819394104647028905642331597318967268034 15264640405989534873529273727029079305073791076621297016561613432 5012624860584643429790028116614422649495854260354 -241880171977422308637349061761061427200245344675108945095215085 20312945988891780131492229031979827594894587423958197058902088084 19519549322531562643546895742992893725705002795566280082620198 24288476105767726556223532967184536075571457662863110853559385817 7744649982875853201543225596697743381904677773911869832298163579 -94742417915160307984857052988889095878466101324862125080244545 -50020798268553894693079835259040589827213210133858235 -58763805505864452859475081920830335185772002885670434017313044713 28090186793268723747632584804022171831096138710372617466757233163 -10101600460486711518919109986198130569635796252891018949788 -23838011736049568443694742578900851749565451 88139345039762518022315673408900055545601121623341795442486218163 -5234192695043343091495851289996786178860564237606 822478828682015630770986289952835122141529710548514472225273 -283855652000250685985702827449820272792471565988129843275573 19986647113568223309771927217848586657409629559227700814361 45469719422795438761570233064660792680906910359371793 2880220841882456805429630450743754743361093361978 -506587665791359078577732170696799412860348910567642100266946058 81528333682094874627365026221228984935787518777416 -89119663240610799155942026944579011032890888911574156290574003 12582765098284093008878612841331783509948956 22226995061429060080603136769823447635062785578566369310790 -52987335043921816327050095779851035351924198520901782 -27678570495172365694677914542006169210931744045 -159442815274390400578123162213671016484078553858339107218823547 -6312996949105589966479300968584295810101947 68755408098884018115988657820944853271511196967748270526822656 9043033113638302952542987002908249198184174 -129102497149870697437048151382830157001 1938128535923265283426251130319283857
6405075315581480249128155700371291226045294711858630830947988849971 -3257256137854340418313949842497963657733655700877050553314756544172 8220838354229899143263327878285575808018215482328976252077497784952 -2539729482749962264579906975141035012542476900854862834379761008840 -24508707310973164632304529055146337613591161750809298550541495554970 -13019993556372234154231126341812010306534655841413082721073917559505 1648293057366483664447105968771851294642234203292932403171405071420 4773439143214156615617218077541960693513918208640625714203980171292 1567508901839213477693557158847830641561112104690187 -75638878491455186771863311705461646287407164765847201019656232756 6352105841898827749418128820902367049742617985720912714350400702430 6104001032183595137074287324932357716269492331164683489103365431 7595302574360093160581263322848171994291549411351710294144555043318 2421846463166384945548559885743812919599339189901928569038024373475 -29627109068453900811420025082530881138433327209986262010802251943 -15642113412396212623617733912826217557797622702496303331 -18376158359803373533914510451397127767335321045085311606084315163370 8784143852256967563619386415700539032558624477738407460715383584544 -3158893610639993505513276691547050665483334757946718848378901 -7454436874425738355085801181032243202274415141 27562247683540312885129099774512551514244585135876863142911096138024 -1636795864764809466112712111638994767639883116470297 257199156408241394122716667121567201316074653135575180388168526 -88765122809503631505942133867714145004660251276991460307536820 6250068205739048708346721033652132089744688328450225456476082 14218935576010814155439019048232253531084756585227461579 900680169468538294740585793405207777678854673146106 -158416138804627563252029999304580395765572659980624817858109149864 25494903838444448987253708952292900960319056814774156 -27868805135814021609018095763368483175023590239597676323951653617 3934784040274587003309304881148724823424410681 6950652320681072085762960902028911652523908857557695696066712 -16569785626526406856842517603965259898776464232402053337 -8655426417908032314074446061745571618299372933081 -49859712072640942988967902015314184067590352167995991045614448929 -1974151106502838098298581839471778005164816104 21500654296323789814550147841314808532588813705323414740498425712 2827866696491930568441532742485907443146030752 -40371924722188531084661611957393011883221 606076420531095083503971800414860359687
977169541928692474605615958728722200958993520395081593980794250926609676635 -496932718406698587526415429270713780704524025729211749178975503214780042998 1254185540852359602281067461012344804452112184744211358793998095064393546021 -387465591426269140346499824431671236951339700785041419977928207551300609057 -3739091441761420687683277387319886753506999701258359502326687089151473962973 -1986353089157977937018371303061897259311124757067517622161688470341894641052 251466484385098612303372136242245057638718670638047430845957048883507446381 728244261180183802516060468552777277589221125423414557339194486783800825907 239141911704486446373552051876894144537741009561552999493930 -11539600177329881239124956667465893598548556120381915966540669311712398206 969088425972293691014186960921104638462296743548782012854945861623506802786 931237120356892121674609615470003962454609694212766106948097955297058738 1158752703397911431889785867288882888390603459012595566297100026780940545594 369481150873723079274304341854212024755810815541457556128726464466811564746 -4519963805369279938303332264229632188184078507577276099032103531646393600 -2386388300665942465813320874687535670131987733722626818369568026 -2803499000733919715028357445324091115522206175421250856932989378188908404076 1340124417189062392729765278357575930309567617557532038695633554560469495425 -481926358461614004507116408562503054368780505618540780345603972436046 -1137261984757420051118689151707962366801257827942083289 4204944925148809180120037959928217679605395271559928985624564002477503883309 -249712452484690897338071842889038204227821458331456476254707 39238755122908466789667125132957832236690806100345980366992862433531562 -13542163069339692103500299450989779618592555436043663494946282573144559 953521384950437112554621573163195440040053879184599741970890278204543 2169265789853197242808836302310249857075684814314252316062499058 137409348877254826223201016977483875103383697596730928923603 -24168244425362658492552151827030487891546813433374103757142758097334327693 3889547316441997335650279052894948889947264386635253711083628 -4251713868596577481992644523231190887736007281615370177987362412511132388 600297565411904425904923052786508565243834194114184776 1060403728240769749196244915744920165382518843196139042046063393234947 -2527915603293652860830612383586940151318258117586008210869498361 -1320487059287117586558207123898032170789624667639308177619 -7606685262263135631038417660732733911071330047686701059244876854970173148 -301179960795553814251982277864564068683597889081514534 3280177589605522545298726031095816339705297903845053477730332366218967738 431424310924837252782758829871422211076676742702881235 -6159211756900185977511572239755461867572505259038 92464083409515026366507668122267132204692519720
