0 0 0 0 0 0 1 0 0 0 0 0 0 0 0 0 0 0 0 0 0 0 0 0 0 0 0 0 0 0
-1 0 0 0 0 0 1 0 0 0 0 0 0 0 0 0 0 0 0 0 0 1 0 0 0 0 0 0 0 0
1 0 -1 0 0 0 0 0 0 0 0 0 1 0 0 0 0 0 0 0 0 0 0 0 0 0 0 0 0 0
5 1 -13 0 2 0 1 0 0 0 0 0 22 0 0 0 0 0 0 0 0 1 0 0 0 0 0 0 0 0
-5 0 3 0 1 0 -1 17 0 0 0 0 5 0 0 0 0 0 0 0 0 -1 1 0 0 0 0 0 0 0
13 0 -1 0 -3 0 1 -37 1 0 0 0 -13 0 0 0 0 0 0 0 0 3 1 0 0 0 0 0 1 0
60 -132 -139 19 14 218 -125 -95 -24 0 0 0 206 0 0 1 0 -68 0 0 0 26 -55 0 0 0 0 0 -25 0
32060 -761 154564 22538 -11041 3561 -22586 46499 29148 0 0 0 -56601 -286 0 -857 0 763 1139 1 0 11891 76418 0 0 0 0 0 15279 0
26506752 140429 134655111 20738479 -9148001 596853 -17301846 39951337 24103816 0 0 -20 -52529327 1388 0 -1180 -12 72655 -199 19 1 10766371 65651872 0 0 0 0 0 12481330 0
-1279622778061 -6781328107 -6500545588694 -1001165348683 441622291516 -28804715454 835247307633 -1928667575636 -1163619224383 1457 0 174194 2535892240132 -68384428 -66 54881772 126766 -3506928716 13336459 -166372 -9279 -519752562685 -3169375303943 -275 -152 1 0 0 -602540681918 0
-95319471704881 -505142226876 -484227519079161 -74577094655092 32896572799229 -2145674271110 62217815888733 -143667005931976 -86678333593118 -153725 0 13236723 188899342722782 -5093450319 38 4088816999 9482031 -261232511405 992555256 -12582868 -500130 -38716518439011 -236087683150671 76646 -15232 -3 0 1 -44883430285544 0
151795794428426551265 804436535959017824 771129965662215781682 118763660004143258346 -52387631957215941421 3416975826060353008 -99081568765646684396 228789007204292755224 138034824072841623586 244808353930 0 -21079418298955 -300821283235696843295 8111294823267201 -59997088 -6511421157185092 -15100087666836 416011502059580084 -1580639408464529 20038155444023 796454501371 61655867042025062479 375968485532290248527 -122057854241 24255960146 4533532 0 -1553816 71476644121162950855 15
67394994728257549202692834074 357157431826862240665214577 342369827611469459081890703921 52729235813326957063752104846 -23259301701189182625383597311 1517084637628121376994946020 -43990690452078450480156583471 101578795331427529787181094028 61285335840391298169766554158 108691140757461477024 0 -9358937055844995077988 -133560016429683157359268625256 3601289969275156700910097 -26636793158284950 -2890970703204055386897841 -6704206348219727577487 184702699398039857109635742 -701779551939525319755814 8896632383130458480873 353613531436278854344 27374255327097989835775859210 166924216812785394994621180173 -54191806948134513720 10769272394708216818 2012660899595722 26932 -689723261468578 31734529088094516423331627170 3209569669
-3450788052475744024552730132279813065524941 -18287331330323572232559568966535217770294 -17530169939377994603994527264145194937128211 -2699865437996884421516337562988491206037801 1190932957900203421784774392173463542065743 -77678432400360626436489039078709973386054 2252430609190966148120746678026526797160264 -5201081990256454082702975909851769294465992 -3137958620854595644369543475873249270815177 -5565251417396824893599408433034742 5248030525411861 479200396207498247856972008141162316 6838598487059049862390106670900239356040030 -184394827087432110524807898549688087315 1363868748321735833406915946166 148024748765076148202824374716600423944 343271711216092189396691395050741589 -9457228551062363047242645583201683755376 35932824137299320877309376932250267908 -455529269773837864259142580465028156 -18105874989592438306877076830743482 -1401628616621341524596012288223332264213205 -8546926895224095229618226997111326633740578 2774752646135622763966588291555434 -551413004233049153685189823321813 -103053144155203808267184441282 3390499939578277 35315511509396678853390526925 -1624885264398206859688706372497299597165718 -164303063898765037099912
-6901576229665376558566242636970564730108416 -36574663321564061407984409062771358748697 -35060340512308565061778190384954157267936930 -5399730973568789998944922725102061158361418 2381865958841555090054711970618661798665987 -155356867608074011329984573412535694985797 4504861299786346475896048271131860246014586 -10402164168483641110317009688734474092156989 -6275917355117205816838587355920394744347672 -11130503035925719981540277974515934 10496061240488172 958400809733633246943814120363436106 13677197221269821681208435782433862712052925 -368789660839021960498307411429668471462 2727737545934640070420212362783 296049502879870022733151732635710658055 686543434838263590277050467866244411 -18914457443915566096812948759129423108569 71865649573235983469684443104809492360 -911058556010821450438808288828570446 -36211750633543834764846763893080736 -2803257283898519445626993296270075760030455 -17093854099340093323207577210675103033619927 5549505392552742649501691031239861 -1102826028394549109571800161581799 -206106292034820166734542925646 6781000001690771 70631024295120590229107932903 -3249770587520901176506771022693386084007635 -328606133735557470034912
1 0 0 0 0 0 0 0 0 0 0 0 0 0 0 0 0 0 0 0 0 0 0 0 0 0 0 0 0 0
-2 0 1 0 0 0 0 0 0 0 0 0 0 0 0 0 0 0 0 0 0 0 0 0 0 0 0 0 0 0
-9 0 6 0 1 0 -1 0 0 0 0 0 0 0 0 0 0 0 0 0 0 -2 0 0 0 0 0 0 0 0
0 0 0 0 0 0 0 1 0 0 0 0 0 0 0 0 0 0 0 0 0 0 0 0 0 0 0 0 0 0
18 0 -4 0 -4 0 2 -54 1 0 0 0 -18 0 0 0 0 0 0 0 0 4 0 0 0 0 0 0 0 0
-6 0 10 1 1 0 -2 25 1 0 0 0 4 0 0 0 0 0 0 0 0 -1 4 0 0 0 0 0 0 0
32 0 162 25 -11 1 -21 48 29 0 0 0 -63 0 0 0 0 0 0 0 0 13 79 0 0 0 0 0 15 0
19657 104 99857 15379 -6784 443 -12831 29627 17875 0 0 0 -38954 1 0 -1 0 54 0 0 0 7984 48686 0 0 0 0 0 9256 0
-48903299 -259179 -248431314 -38261568 16877458 -1100757 31920572 -73707844 -44469987 0 0 0 96914277 -2625 0 2080 1 -134020 541 0 0 -19863384 -121123973 0 0 0 0 0 -23027277 0
6273026827 33243688 31867279198 4907959593 -2164941538 141208002 -4094588662 9454804630 5704348778 10 0 -871 -12431569579 335203 0 -269087 -624 17191855 -65321 828 33 2547955360 15537060199 -5 1 0 0 0 2953803218 0
1870222595784077 9911179718189 9500821097096592 1463245285305146 -645449588333371 42099357185398 -1220749161112913 2818828891596958 1700678519857821 2956057 0 -259671061 -3706313230746215 99936459570 -16007 -80224894353 -186058126 5125531335984 -19474572704 246899588 9815416 759640253225136 4632175480378943 -1519378 326126 7246 0 -1162 880638593513535 0
-11408597915687432374 -60459468076844282 -57956228313862822132 -8925984076729759545 3937325345576040194 -256811484362485354 7446726591860790887 -17195218092513176451 -10374357287956557233 -18399193427 0 1584277144561 22608986486350859172 -609624934357620 4508919 489382371374717 1134885385405 -31266399528195758 118796963569496 -1506018392913 -59859558031 -4633903059529180996 -28256865063743831558 9173567483 -1823018104 -340679 0 116734 -5372008468426476395 0
-24278974661092724282122 -128665582248492504319 -123338363669554695676391 -18995650721132524434867 8379138523785790007205 -546528115689022400760 15847599114985493536517 -36593652212602755581453 -22077976591064983013359 -39155867034096 0 3371547049596499 48114852856747794957391 -1297360853930279821 9595876153 1041469099182573509 2415183155773959 -66538949614906764521 252815331879071853 -3205002286445937 -127388895928814 -9861546159810462812044 -60134270306888496751965 19522540405805 -3879618844735 -725058925 0 248472058 -11432330111727230862257 -1156
-63177689287318012074020181876032834 -334807968241491903015801269950165 -320945712324848796593755670880659540 -49429654086393612822446537109119871 21803828931847881994717463681219874 -1422151633739150254073081553299273 41237931453546306184145608425606451 -95222406285584975579474476745182692 -57450348074139249091866234687006410 -101889689980191618990298586 96078464 8773292731275275495250214681 125202372271507858764252757337257637 -3375935848497146568782589113757 24969970540014678840355 2710065481304730693015786482884 6284684304727715801397327987 -173144753555498318775913388470079 657865033737274002497728810435 -8339917210042179484048886618 -331485830764604406299198861 -25661285448576222838653047679574546 -156478776307483771189132315839363527 50800703451187129002518114 -10095375004393152114496149 -1886716721662355009325 62072985 646563155787745828191 -29748710961266165203580147202022522 -3008091995823816
21256836036725420215755477653912726728313127 112649863662031547485103327818444213330375 107985753523733729969318308667903903913551304 16631156728257229969303731840431297500984702 -7336140682026134689550400323309214971327128 478498730149388594497623015794255501128150 -13874960564246497264207435702500072633244776 32038637377664356697812670993331729243262456 19329808402947121246658358852825662254183752 34281919110588317415191506188759979 -32326667514224058 -2951871890134941480979437095547993782 -42125730282426422375632462183303000153051215 1135871153432837848208053464534811265165 -8401424230586775942951525456153 -911831664543765739450728703535076118917 -2114551914056715482032116109272681789 58256477539251604723335663988224869264677 -221346005436371313058125376141428746221 2806057877291145540484475192006575036 111532093568913663386839841704943011 8634024818338667733688330021243721152375482 52649024184290817369103272566056975705943355 -17092461531811078421158726824724495 3396701171226886364369321027071390 634806819504482964026796906813 -20885145995991495 -217543362934084861726294761890 10009284580379687346479637062943672474801779 1012105999126000011222192
