0 0 0 0 0 1 0 0 0 0 0 0 0 0 0 0 0 0 0 0 0 0 0 0 0 0 0 0 0 0 0 0 0 0 0 0 0 0 0 0
0 0 0 0 0 0 1 0 0 0 0 0 0 0 0 0 0 0 0 0 0 0 0 0 0 0 0 0 0 0 0 0 0 0 0 0 0 0 0 0
0 0 -2 0 0 0 0 0 0 0 0 1 0 0 0 0 0 0 0 0 0 0 0 0 0 0 0 0 0 0 0 0 0 0 0 0 0 0 0 0
13 0 -2 0 6 7 3 0 0 0 0 1 1 0 0 0 0 0 0 0 0 0 0 0 0 0 0 0 0 0 0 0 0 0 0 0 0 0 0 0
-4 0 0 2 -2 -2 0 0 0 0 0 0 0 0 0 0 0 0 0 0 0 0 0 0 0 1 0 0 0 0 0 0 0 0 0 0 0 0 0 0
2 0 1 -1 1 1 0 0 0 0 0 0 0 0 0 0 0 0 0 0 0 0 0 0 0 -2 0 0 0 0 0 0 0 0 0 0 0 0 0 1
16 0 3 -7 8 8 0 -1 0 0 0 0 0 0 0 0 0 0 0 1 0 0 0 0 0 -10 0 0 0 0 0 0 0 0 0 0 0 0 0 2
-95 0 -29 48 -52 -27 -15 1 0 0 50 42 9 -8 0 0 0 0 0 30 1 0 0 0 0 79 0 0 0 0 0 0 0 0 0 0 0 0 0 25
-427 0 -131 264 -235 -108 -78 22 0 0 256 208 43 -49 0 0 0 0 0 145 -3 0 1 0 0 389 0 0 0 0 0 0 0 0 -14 0 0 0 0 140
12593 0 -2152 1612 4677 9811 -2628 -4346 0 0 3297 912 385 486 0 0 489 0 0 2226 -4244 0 -1891 0 0 -5321 0 -639 0 -936 0 0 0 0 3807 0 0 1 0 -3192
-101171497 -4 17166843 -12348786 -37440291 -78502971 20949518 34304829 0 0 -26781787 -7576554 -3345364 -4203823 0 0 -4317032 3258 1 -17742011 34040785 0 14742456 0 21146 42714147 0 5662335 0 7119934 0 0 0 0 -30364464 0 0 -19534 0 25411580
4918023963 -5 -831957828 581338398 1814599268 3807248667 -1013516165 -1646787800 0 0 1315780780 379490321 172475613 215162222 0 1 224622041 -51206 0 859689529 -1654362386 0 -700696499 0 -1082871 -2072721212 0 -294547166 0 -331989580 0 0 0 0 1469162136 0 0 807246 0 -1226611459
6119624641438761 -10290282 -1035226612025684 723374014634781 2257952755637394 4737457956748218 -1261144286695128 -2049140279788826 0 14767980 1637260429592309 472209883741932 214616097191953 267732167823508 0 -9572439 279503351568136 -63724694741 -14463056 1069733897727727 -2058565970592334 -24 -871894452103131 0 -1347425909265 -2579140620869011 -326422 -366513092387199 0 -413102921775703 0 10761 -464 0 1828116368732736 0 0 1004483842341 0 -1526304219753389
112365772880535271801204 -111528060344706 -19008362729378645742468 13282271701946185187407 41459506616449794214433 86987058052176494612280 -23156561729488178687330 -37625391221188142099899 42126 5428749158763 30062628932423924722666 8670500148216558817187 3940680139817785539191 4915973137178855791445 -5428 39677855564928 5132109117155979954884 -1169916830387451161 33055174913028 19641969600892901862148 -37798455154125457679365 8478127215 -16009335869329961122290 0 -24741139566311420056 -47357011925328003786005 -40967547217416 -6729741035472059666521 0 -7585213200941283299317 6 1237572525936 169563420506 0 33567045912833288491460 0 -191 18443666657664682240 0 -28025309020302303634341
-26756950802377932791240819076210976 26557471615402429970515969 4526341192210521861981156580448737 -3162823352362258225534341256364749 -9872490086519708088378133300031312 -20713677956188968531609692731639870 5514125583480713179704161675360579 8959496437548625173801590597596173 -9550497968405193 -1292713703765969848971031 -7158623686860708233583104147095392 -2064651360913025118282759759718248 -938369237589050430313370502255020 -1170609590494720365918019802052185 1298595969046961 -9448236788985516240428485 -1222076684384780248627336569617671 278584895302880252343764236904 -7871219730848428050633106 -4677217989072676699216995969967494 9000707057300184249513328610681298 -2018843817726626713908 3812201894342236984743468752502687 170750864 5891451081588528902473638018677 11276825725043598307805298846405041 9755342906284043363923992 1602510668353728407377594817972344 0 1806218844406588119947616773452991 -1428523281196 -294695317675584540751135 -40377065455028758683714 0 -7993108337587248055228137607483365 -160657922 45716943444921 -4391873688256176516626535335810 0 6673489581875735942069924006176322
-16855945712761494163723932412347572277844691543801 16730280782877702925902236799071395283485 2851437070570693371733723503266496759813390114845 -1992468391493046629491269479806535508808888109650 -6219324398255540041286031557961506121889935368356 -13048894611343992099025864576412402213482605687297 3473706782771374626890965513130161010204183322033 5644170244973435875662884436865010325683752748207 -6016480591736675156567747289297 -814364543021304562982098239518852020008 -4509683227174335284309825247570129007809759583648 -1300658341541526173766184433496909497767386323620 -591139889001131458916773257019702335094122016178 -737443210698858095941829237883042712815384001013 818070163248559820703771203266 -5952059618927214949898971602410786885845 -769865684657563050730582462252113255325520759299 175498766892502931612198212765313749701975339 -4958593879262469534450650134266053543874 -2946484189953138475386748943058420117691165665042 5670131497974648638634701446138123721035652179361 -1271801187118824608992741767363560048 2401554222367092050027009294406393495995374172969 107633258064163668836502 3711408685320778446175213902195106015622027732 7104006866758312311385990903860521758533842867313 6145525760845780971145401062123949410210 1009525824874297724770367759769229281419502418632 32 1137854870368058041407456205495625294883831272554 -899919810271651161248956150 -185647771049577062398692162072118821239 -25436142869093173778484110860882240956 -483004 -5035379449986436186930012178060173375915499101427 -101269008783935377317771 28800080368626524563138725296 -2766727233357719448426350967214271910046346081 0 4204065662698001520486762381645014530885952733736
-5574909071500301253553272132718591840965546916852648877918905 5533346849509505387606451122441080625866665124017335 943079828472732647607671944559214348895008708641924262684261 -658985873572347527349715369722475893724196098181855661586809 -2056969605697528850416525456172875261089141224347875388972307 -4315770955927873778076346185422022452379622551536179462366744 1148888337979323875289719075826090471125614715498306435695308 1866744022316828080440208811645174267557571132811309173275220 -1989881362988991555393274332711309510788316 -269341652836510159464064043966372414426344998076690 -1491525563809383941535786596788122190232503767700994917860001 -430177701728873103693824822862604789939545697326617021867744 -195512680562506498531182565147110689737465525887395646550523 -243900811921150957628297540757698123421834711978161472727208 270567243863705979833197015120026131947933 -1968574871390692725678735909057052995762515652042919 -254624170151714103234209825603502379292955739544499162549377 58044187152631891358424205207830634317544154879170102372 -1639997569430790911975600373336192759866464381861280 -974515563796915518380477150563269817717085740423265182223712 1875330406452747571606749981094870978982301114195489763855996 -420633531694734578785977623703818352014904844527 794286280231543070289621362063597651091848016861228809446226 35598455109092429273620916768137532 1227505492745803668581071012177780025295385161230693051250 2349568099018457779393000211014152487174150457941975548885167 2032561560004278651930430867498605784701054015996865 333888989375696936838516174517994716932698591931783362990542 10594234471751 376332336788621903436433640461043157794070184893340114945690 -297638067860407949473163631421455862763 -61400852883889602392943593506673047646413774544607 -8412710033678293363802812051366198750428839026144 -235163211547981981 -1665393508767809511511374516027099284317398174936235368224977 -33493553275030858401598563325205899 9525293450929708152023801148064359961476 -915063029654593009967835611117328905587006194263671791052 0 1390446089442127514436229267153547226250258644320968191654582
1189605291190636187280706580935122758176570306882876920096778350520246840956592946560113483149983 -1180736511707460735597436527250078114552192077428496892532579947504290305814683149137189 -201239650652167542794709656981903204539780109206296275133827139186203376776671877053197450086032 140618092953142775314503207779583048462253670234073910503414336820562370121697417983448806889687 438927683908855782409278075101903300729378518109529332245632667879802573200538571183933235145551 920923354783436156993069556698524685683375718577464600845583307560597509896389904567752991250687 -245156221979349958412670054122385979434212762944524156066063013673111417553158704910853170119201 -398336284550191829196268961966656599397407692546376365029745338865072747867787497369661524786446 424612019298153930321326169940813971491501871183638155496400338965642176860941 57473628940483535438305767527156744033857087590517442665445163721622323667085930774930 318270070398877198804214749358151206119015777990113549362940138630865471911027654742537320194215 91793724985576578716888414374985519510678225486490796609770661406773226195017365504753520583330 41719589738426070163644228983580143753425126760415869602508553227812361296845739999566684097796 52044919955799443418166976234627210151667763076757526099692397353601449728183610320922636804256 -57735152411465556462273479093802420286478542902274779091601123300284358993753 420065520903835903263374935867148934344470332393890912384305905493642642393387276323817 54333130135876438189447348576607433687504993182543193055827711376534298459050058450775643445558 -12385793431613409912747266564587926512776310561786142785470998284324487136125548707441038447 349951857709782950806320081417172972234016117270738431988130200767609905615302243356577 207947583749281252600045513191024479944786317237797713842896544896507007297236752648189119707845 -400168495240856295474275316631588018962595245998234405479170308575123701474405575966611066864090 89757136580812013129680205692123022334545556188141108915927991013900623150506162574 -169489250777912170355404231838405203767188687998350496122798314436625723408525925003956845011101 -7596197536651858815079550358744245336826141039519664394747619560477930 -261931990353162878712546199383057770360461139175402694340908891025173744519464042298322987154 -501363987601843516004426466091238340152677843591980146609162089516382321162986888515004806545498 -433719358547506131049449416917745319649533015681256417551469236088758538919451163179747 -71247100775534455879405439993132350314192171911547326788971106447002380224718201829839596968408 -2260657029930187266626044148666509105704799763296 -80303899731480478717465031844726198700360189212564872105602791787249031109578282804614442338177 63511676306356739371991915562790825549957777747743716816252130358957287781 13102057547036524273597568073387697430153378392470576306120641724638003816906232312739 1795151138962520412704333849171572011166314354093499634280839370649511231857468800904 50180441898324360979018958413790101274838502216646717 355370985344441110215069969762720254235031538140288740103123463192662179132685320809991173214290 7147041805657550367439965329920184089681250378923442832986066824429478 -2032560413818559802298932762096291268600162992667942311296498491588744638352 195261269356826863369412098680814880940095392742475810268120391048589485567171629232135248748 13714983571311491925282142037 -296701166584326430713146962804287935262125115882253043615545399602975003886176800597984566840523
-567876836751264783895845739830329063853115601665771638259352323486426649438857149350841883605945562022596023 563643185071967482231273545118242054715251921175900352150293547760677009683736158576498763585103909 96064919253094557281009579338427544496544111642765351011382927093879914037147004812560380729064942591032259 -67126263145907058548557356919829596568203745534618107177462747751089078361682653124813126862344614590379345 -209529048455431110528305567241779361007198026345792562461780249717197026284501404876820277544274716582456322 -439617279342592898034319363310419784747894974176451152190525057059284260376448130847164221733857726708107523 117029186805469705895079671694559947026365392386691570264108480921432361924518709865702608283618414261784817 190152104154826569065775683442514281872414581057886759947382209567270865393182244890135887979345684884755262 -202695240304678170532628380409763415631889716935442845629134022483889200143187087974085534 -27435942695472974599071803860220991172087431709758740534773117645040787407424371818666566694098741 -151931234796225486809646593914787505189177884309772956402622986743067103380452291817305790238310319102825847 -43819181508727203895019009743986217627575197942154348833450648468314230747255802755799665698882876430201444 -19915503761340707763101003707826186725204967347277324179487421956213663857458839200427078117917327737318705 -24844462892302241484830829031006414718215329311859827008250008401136811095479659279531681473037086515301588 27560785046576540610415074342871619038062417978856406745528488155688066374713758232359200 -200524897632550395114878647197589375822562865209377874789016304906531606831788783243319928391219949 -25936776089382609321173328029291024520819000813951843766436526507059971981061696960863095474582598409215219 5912553724067178281533952997984169834664440993141384472101615352870360876121319635632797813977597010616 -167055035349211068784586705083773390819700120110193598600105926244162382955689457148916144450386985 -99267056849940202835940425859093930039907127644190450555658840239838844999974682597769767986710658665954526 191026738808002174520115969352173679620470949714682100569611716064275556383448873426032147169117822319967158 -42846983932248309485743020213804889887704587981800056115810330603825861982558697129877551710551 80908365411497270353427593811993379443553527764259361169532423731931336030189247712838053503008051675108837 3626164628213921687285212051001595955075036103209521974429616832299979837010755713 125037364264614969582356272906078729342475197075215225807903984276218135052745708292181147741963076719078 239334002167538703200602671499026635403324487015194009343639742636249661369644797713966103565882508137977934 207042772248627778552889471303813997649138796135531108315638894761428128804287020265302263893139041 34010926578524588465622267217751975649664271448521623984230672697380281918624020521306406983192208592266172 1079160266554780363894184455034848726527277178984955440330220 38334332316781839845381842192227319186584706521896658417674081809211095290221549185439377836307936056505814 -30318299779522712750106372123847540041039225050522298409446515009456204464395548133406 -6254473689586009074805757676553805972862607836816746142292514334513704308110703326434597516604440 -856943692024232740961521814339573135931819773444073838369815778290541905335600287034975872660178 -23954424902969341636045025113457016035904032443906637723242670913 -169641941343922117327068908219532016534633551040018053023080915063465393950286007936485719094091663720006459 -3411753060263964330705330331745636765741589654867667405358639192354496465331554695 970274751510125890492806476860339792859504437017965797720644551729417928026496177171193 -93211044708292333344178753983388156169386664685971940972519519898561601840461395413914475781910342305477 -6543983084755732846997569012473872465967 141634978583259013226326860044763983739572430769880301069344462385565542812638998094674246418253025736665036
218362067785656775923559095544134709244287200277399024404237765506545465918243238540440339946327932926522366027163568666 -216734128635568668307998463722846279234873389233219746369632464553957812143014724580408276966493382417798071755 -36939232333851937601315977604750262751429578980860014414846432916556621593334457171318344152368906944748875398833691414 25811634979020378642545250295924203219922061616211047888960962769707519217542232701051066252099278746377046353453317530 80568872193548065386617670427939820325073760086171353541247552872404046963856758384363742358779159790740355263019457111 169043236031126035394238305120149200132048359210542557202926623899958696464147794883688107683518624342518601852385679987 -45000488782586974544626961816943560856426602258710600498289043414018751211397609613776921146212895415321922740392783974 -73117979057893011148026326537939039948344875465115274543766069806284727258069628327724312801404340898613254106412150708 77941111415021182262661972213007735321172803642221250833208830257144234280664756266679221098114203663 10549768525347272638700163759714391310943707872779750901755728734097587432194783909714193763652624087848806117 58421151285420931651692112589932054920478792486253653658218796212999736205095919881283430306345299000262425427866887134 16849511132836985992929688291906902473134314655468259537337176144596990723505793959053349052927311364981576907086217505 7657981979328718274473632035769451096935196583793124657132034115608340059272653066030229011584868465074303313722467560 9553283280972022523743594573823406885672848865600745225853934387199091627734121839632167562040969799150717594894773700 -10597773360498064565471220230961538584415662698098877569844870122891439347877307077652929297678512399 77106563352803159013071403758619697841849013256787563527043753993218805265055665147643216010590565715000315997 9973303526468502559101454550127200857392476813820940036643205496242329269644856575254844475386298451986447514200750535 -2273516673909695411542274172621198340034459546336873108408280601787191918501427234591438260208974262432521823945624 64236610109944708610881927127832869461395769143250755923058220884109324216714479497641949651005811710778931383 38170529935250101370227939950432562577630327213773790250521351399533791358521034618495455943743218404305821313658704921 -73454296757549547796685067521343088311269075562377627459470071806721216463335631721698213252885694138109895466679910269 16475678182877942324141571809352465226613551786535924234229677530570376834535554852144049608585963339740160 -31111179095601148615388618572238662205947855544491129546632680852580674033135836605767968787813116655753444353096468115 -1394346018544901888345660458996666909217169665507308114881878845476325797913980846028736710120 -48079822321136259323356850178429172384617824211846564627972359015674207884627171230316210499468796405352101534025278 -92029581455902223877150995532777141015404208312110343760639040871715201087386443967343450633874455583732311700325765204 -79612840218886535740266677132421172188769474498918860899227360216539743772752913887064731072491138218039098805 -13078005254589636190330770338195681957783616735186175307725679984235225683265253413919406476595141075123183922229035130 -414962632786936870359780528574184576371004184675868702756516949415405388 -14740456962046296703970389659922096455658082948530617251018808318563444563265326858316846108726295406645466813505541933 11658102960275842779290786974367705526159642562682789077848170470942402377260993453388011867062226 2404992983306331614553753953602180452528509783112192157224703121981876109940187307331113065658145947887277495 329515106896759208639412110289411572561879858484983804508839390609879287146594387218000839470151326472466711 9211042634443156194216560530057191842949607798621644836202455966826798439336 65231336616846837044682780697715204220491258123664103428341434030613529706968627494117950296459902477474897514096605086 1311899702187707617967247719051055510750547644609603303374324188229350895578713239517417832586 -373093578304844481157153661666647092688561771686001583011521541428725780026741526998884333771981580 35841850108563496749204123375826638613406064751647421233752640465233191613746599343569265310343810230569986612301003 2516316189468948383629181176970397626196761996613688 -54461997378076308196924015838950001177691248816432236591495289820692782725271816040497289541172161701664899482181377716
1 0 0 0 0 0 0 0 0 0 0 0 0 0 0 0 0 0 0 0 0 0 0 0 0 0 0 0 0 0 0 0 0 0 0 0 0 0 0 0
0 0 1 0 0 0 0 0 0 0 0 0 0 0 0 0 0 0 0 0 0 0 0 0 0 0 0 0 0 0 0 0 0 0 0 0 0 0 0 0
2 0 0 0 1 1 0 0 0 0 0 0 0 0 0 0 0 0 0 0 0 0 0 0 0 0 0 0 0 0 0 0 0 0 0 0 0 0 0 0
-2 0 0 1 -1 -1 0 0 0 0 0 0 0 0 0 0 0 0 0 0 0 0 0 0 0 0 0 0 0 0 0 0 0 0 0 0 0 0 0 0
13 0 -2 -2 6 7 2 0 0 0 1 1 1 0 0 0 0 0 0 0 0 0 0 0 0 0 0 0 0 0 0 0 0 0 0 0 0 0 0 0
-6 0 0 3 -3 -3 0 1 0 0 0 0 0 0 0 0 0 0 0 0 0 0 0 0 0 3 0 0 0 0 0 0 0 0 0 0 0 0 0 0
71 0 14 -32 36 33 2 -4 0 0 -6 -5 -1 1 0 0 0 0 0 0 0 0 0 0 0 -46 0 0 0 0 0 0 0 0 0 0 0 0 0 4
80 0 25 -45 44 21 14 -2 0 0 -46 -38 -8 8 0 0 0 0 0 -27 0 0 0 0 0 -70 0 0 0 0 0 0 0 0 1 0 0 0 0 -24
726 0 227 -455 401 179 136 -34 0 0 -442 -358 -74 84 0 0 0 0 0 -251 8 0 0 0 0 -665 0 0 0 1 0 0 0 0 21 0 0 0 0 -238
4222 0 -732 605 1585 3321 -898 -1526 0 0 1064 272 98 128 0 0 117 0 0 758 -1426 0 -686 0 1 -1793 0 -152 0 -360 0 0 0 0 1300 0 0 0 0 -1098
-90957 0 15388 -10761 -33563 -70418 18747 30467 0 0 -24328 -7013 -3185 -3974 0 0 -4147 1 0 -15901 30597 0 12967 0 20 38336 0 5438 0 6147 0 0 0 0 -27175 0 0 -15 0 22690
-2709888710 21 458418184 -320322407 -999864841 -2097837626 558458647 907397347 0 -66 -725011989 -209104692 -95037071 -118557967 0 48 -123770818 28250 65 -473698728 911572973 0 386090381 0 596592 1142093239 1 162300807 0 182928744 0 0 0 0 -809524883 0 0 -444833 0 675876369
13266439344993 -13176 -2244218009801 1568168378201 4894907191726 10270107167216 -2733974178443 -4442233231626 0 670 3549337428265 1023680622692 465255502219 580403247515 0 4661 605921292818 -138125982 3870 2319024660592 -4462665986085 1 -1890138587175 0 -2921056965 -5591194810893 -4833 -794545341004 0 -895546465905 0 146 20 0 3963085618975 0 0 2177547320 0 -3308801716702
18730358023904265591325 -18590718921597 -3168522141951773337215 2214034558483599196617 6910924763950532697231 14499955805008731978049 -3859989396033309260539 -6271812406003550521993 6689 904923385041 5011168335421328416769 1445293952590641603630 656875737017799224026 819448258440325690344 -909 6613939647295 855476171416308191691 -195014554072846786 5509998681580 3274138676645886791847 -6300660598311961205374 1413227822 -2668611489695245134172 0 -4124124189392472804 -7893985557744084649630 -6828919581690 -1121786962090011778543 0 -1264386434580258751165 1 206292146250 28264688955 0 5595322949637374038605 0 -32 3074392414306506037 0 -4671565533028488591025
-5351622771308799085825506112309029 5311725199746743797297172 905307588067698881624258084957830 -632592166392324235414831726923383 -1974583843531371974903372436656320 -4142915665040816765207570821636233 1102873053598814594090518185856516 1791977176651387531038021930141299 -1910182619316348 -258553978925060412951386 -1431786970674910496552645816586536 -412948221173762591441535557214783 -187682005205576107400193652378333 -234132094761981004625955313317697 259730482410204 -1889729495789885266696976 -244425960967791507831898916375334 55719400930881656019717497248 -1574312374407025266793399 -935484259083511404495266412133817 1800219658865115398912227088646062 -403786314309837363633 762473520143234900614506604145464 34178844 1178341433489462039190074602697 2255463179790308516472484320386737 1951153389068373766832760 320516065054203792005810410003389 0 361259471196333438351996743859124 -285717062972 -58941625460946746264889 -8075764107939915094968 0 -1598691155390118530160271476731056 -32157683 9143786383932 -878412918287195461193004742033 0 1334755932177603172282451229797753
-526217476456879990248083763273819400680809484623 522294404835184202819607454161101070753 89017611062624090121190195794499888271805093553 -62201890463955442504053544120823168250270032730 -194158028620072465283981833979211114744253894649 -407367021106066061339636515241497832412868561603 108443943064979938546867872369619936149849417572 176202574071790195632326718060334266377724150242 -187825547618994443121833718550 -25423246019367074736993900424393707344 -140785582005461904818632435700891576032436650504 -40604612869653293472012673004718422830095484914 -18454505367068694439447158725621527271192206458 -23021876789174682970072744721011203259483952927 25538929954159148254448302562 -185814420962539537051759260970333639375 -24034058052556522402459243453335452952067878699 5478809662133008258000282027132453507696017 -154799902798960115719475741566538736717 -91984840321559101359336469838383398330253909906 177013045656876872417545017496270700371538388178 -39703735562808150368945651269498961 74972939756895945658827458930706048328893958026 3360149730339710772053 115864641816628579785509397044843755282508897 221776495360192489427269321625138865882206847071 191854145266062922976218666144099345868 31515890062532253407021418707547125903492081776 1 35522131398770129113550028479143182527473624745 -28094153816369918811139582 -5795646429828731376393598007040330058 -794078430214523399170759324676412089 -22246 -157197033754601248490763808690090461254442881555 -3161467363129144811624 899095540030137691622319080 -86373096330025237322888809386362446648821940 0 131244657617109270655148552254649125357145727813
194338148158563457933046046159268927309895500018926136776358132922 -192889312823053187125643512451932289497380092398777693508 -32875224524830463177277185832877007986236582830247166202396331476 22971871413543703564294971490034364806999710784917480087178044047 71704786367417726803620246368453551251756270001812295694383145979 150445312146736572265400062894852530120095420825028609226597345022 -40049591693839971320352648135769849573120593604083822330681397509 -65073631108657773195924481898424722483776019249478314947723611004 69366128519554264852395340159498520841407569629 9389096281731390121377527485042665066250169012469677385 51993729814119944595817916732298938337336008467303665703690755891 14995749143330497365938440856057094069071023717816695042582866392 6815460448722445980182377438181085052446411815985889126387057955 8502243088669898126402789832998939755212741321985616580095550697 -9431819685390580088954149496847569878634830662 68623396383861320976755768747245271166221498145329525375 8876053235856335311356816148529188224478731206261454366419647015 -2023387233394978353876790616035735910790339599681394429022395 57169379184502773309616388331784686376650817643554113594 33971056315188320943417093873593689514441458069366419640533279514 -65372947558657485227998420520794309559537342878395147101225098075 14663044823608601417272230797111229011811233667640819 -27688366362253686028726076337830491015900246766318914731179123083 -1240941826042193765831357291741758310496 -42790140835514350972183674880893892777356896777962521577337471 -81904602833782500920622486727360943026177627481014702064532140288 -70853935826295033358954482019591472575091614251103015913 -11639179590842175997173458869936333374943873041726114664828846996 -369308952871391603 -13118730455634778109785846082537462694864756157319119650304036572 10375493158297944989786405734252350070223534 2140398684852496273777040991538625671076240311099392397 293262269926139584992392693669951621860293367975076840 8197655326804021598029 58054667134172454973756340869276242853958776729394847897981527439 1167566149552997881020105545358855263920 -332046292805705324000397230656416486347027286 31898574909595928447347162181265146655258576218510681959966718 0 -48470157032315419808506123880696916235195714105696799228607062864
419400543274317513771484341607258738055309094797263601500439671579430052290507270707 -416273816316251354638797338473137967493821657438505979200021234971877987554 -70947918134577035607302261908837253332747417121144540760407675387513695705796688421 49575523087763124676389360145058591692872936508919977281417226869503028866634667245 154745872814054141119146988334611666830180233449451581268255787361438971132334576028 324675552614270666734427311447475475678073326865229315266448809804211428957341592819 -86430897245178523613522902280893158722590139105897285326070681342194915674068806919 -140435197609970576794854067775817421029955373954795948993894903738883524739107753655 149698822704641734755771276870216400054288757048486103031130676900 20262579008420492673417415266380403094704132698286136582955135243298523032 112207503969359503670447661153114505678334428574250855126594325237364234531421236843 32362278827452432079365496426418307670895859472954435792058695488058833144403330033 14708423651987252399229319444384103789263344818203377196785849741432564780090606635 18348663935652196322485994361326586243549942682552684998326143393963795845806763100 -20354780250816671571825828111342338293828008189860838091217683068 148095934830240691623831713291361209419967153033628350210246979172224046093 19155382432751017462457478927007760860026200279602873931993563430881893622358087750 -4366665592839644712026051299356285833405687431573327512212827889923631088282169 123377056516319325848379630397882601251322812647258471972388741836284919634 73312829257628208649783088048831507261767563891193505512488678894948056338472869965 -141081151494631423922373072294237904397639190993646411048118662403094126137832028960 31644270686676975383947063116210290505804222999903455442302912673249274 -59754175928612357075185779744774608833690001504727512539356964153050186589779594502 -2678072632395751891014731787435070346555079421577222266667 -92345267685460769966774296860118270390373741098523689063601094061402444814111250 -176758064490396485216384455113088395691319129560534310950292071199778572309588015928 -152909654950637290962658639097398406844142055000590463877159052661463870432 -25118476685718363061263924781528201504542977598572049320344305912517797728757128814 -797004513623744218814521935572707997 -28311490730442656075421252763545218875745452228886853274003425808530454142517386720 22391318989922028098744511664416746795585272637396880132566543 4619187636378717025595387371990448027573430060573108194531081078903658701 632888377780205659581871215374309205525206866349078652633221433083144244 17691334049833133580995307962039768296796 125287593642271199058071271668675369384827144783750504539862022488952233508582973870 2519720816891260670728668627200952430062734298842401037623 -716588054967526190349875600027116643050635461206238625975142985 68840213686946855829912788323148995596310883841609827414911561988595128246926662 4833002361234920 -104603292686304228774762814087556265053044055812204833730897202628532100077679797444
-3407260969090516113749041538558840645297088401877785352113119795344867430568909977565004610790659373186399929 3381859059398058337904762191825717997135870786221990614898233451442862039013737843492645687761794668 576389506820595165756887415564530895280513689865664787777795547164026006350176505848236880830161432486376740 -402757572797652729533620834600687838464845464261553073230558848381542638684010119688734548399249123339991816 -1257174271761271763796668918268886722871931021340373172843366693140870609104027386133930906233140463729445606 -2637703636251444769482063084544570936363733840396427902268609891371051801864154409025074920154404560655057672 702175110236685757937924616934526471764089631174877608570893000451730927824296263572461951650792905217328299 1140912607712084363931395276168784985053390305932466011896133010780997649264158138657301178422076574712392958 -1216171423475505210345170098876077197638272984503532931457753183091010211882689561530990580 -164615653688714943043134769995199121180443589501540517359997251285490601800269657696360690759847173 -911587395021096594504656918826748522701546318191758891293141158059149207005449672077692102382188670520457320 -262915085084858492341467479540436703683859731618430554694094247774703296856080407221869133371929572362274160 -119493020764841797938593233098605608303209061571417439385498934741944213359970576912189983550270404942379253 -149066775104329988213967322611049561028458811493424674956859644847147227366266733366975402113704883219980400 165364707784032782048233527681613186166799089093866131788330418041572117536959354275332383 -1203149367639247130640409982120147456133780614831586267004851050487716180563160243198386369342977372 -155620654187911265822415310642558336182022571592189352802279155537209312126747195375434169524208625804944439 35475321809064798525339861118551981205210264997490460191323135701388147190671761103600727287293281262741 -1002330196969661135070180827401432023058551633314328411349592305705466780433971560527738162739189919 -595602332111739021512786840047144867445419131573994795542040093858449046623290805510497576306248062010947569 1146160415551946259045800141139967802702342693641649102963664316161300757662897327706488531345938856990221591 -257081899714010468928934858306941863051430706257228384741634305039273875298099432270412400331460 485450185143325964960140926528764460283465607588444696812874370918109902420970525285451868071682587824902037 21756987440960982267308939297934436485713251443009291801979603520979381671895314202 750224174266475746519088117201768296053439411598768229289236352996963885530387223233883321344985311689873 1436003991335297884473693594790324594082412407243907285178197781536345568445125089331220084433001822181417836 1242256614745565803596533563782360735948124071475870128843189485943451184828350731649138911818537322 204065556391708174308050517617654373597562489467087243557721581641878906753409197430040450413984813664068211 6474961501618653933716238345018665896505042397378715743814416 230005990429799078268205611299348252961848510723275549064980167971684340777728186208095888815555646779502991 -181909795932037128812448407665153103067243741986923816611649324389994172417205524471568 -37526841571219444171335416439010726069991873411244841794408422845182569231086031571141030534976000 -5141662074555445304072074137080749393174601519785318853567279180113951920274762937558827582169356 -143726547248918985578023612333189960856805548182588332492091840677 -1017851632703702107198601545591541734744688299721224239743455797972661483794158291482515196871238723870006849 -20470518052674629271598532903174176109132345020875110315722007229641666316023268556 5821648421209509964323438638209157281143310374395724249864077853904552218843973301475364 -559266259810179180744939061631997684866031760768720100491255814775412576744961057557130541844782264099850 -39263897916024839518289863981848494745651 849809858675548055961484559056367460199912890172568538248154190762799925534122270816188138006981492092154097
-14764797532530432487087769312155653642526861304222641906658559219588891108913185438429904597252658581339351111 14654722590531236918583061720329048752153712899333034972023542667617335768783569283467793466610137529 2497687862856235298561502066088518778660886212778180846273833343216991059271878759940523314279999854899944717 -1745282815433428820989596743014870512761790983855252469765096987850558904052019798913658082048976085533860121 -5447755177560177979907022411908021381124447792041115226580418214827549860559256548581892275818169902635009990 -11430049090271863335000156206251547654851326817885810014903528886639353766994340885090513794861916092067744909 3042758810985423993834778548820009296449955418463035051291689120772580258712919076455702545379504898819614123 4943954633353691005535016459626938548326546661269979246582458560519100688447654573191747103085114764164003351 -5270076168324204523565669561977813805684878764854145283650034419540073705348592966938045759 -713334499308337045436912580270096128723469034506774283684556795124562531820552637249162495265114166 -3950212045039211028749720960267898827756599355384685531608473214100940171923059453303254963654179046809089099 -1139298702019329382885575183613638538826293659188803185977194841689617239482277729862285729136199489327543885 -517803089974137636234697618885124220129617586012610285197835849295701091209614778483848416468792505215829876 -645956025443559408108251877082245087933731842580765879094304690521525626277049529356557808411543123041046072 716580400388004782027432850359768877713049846285014010899573968929983477697089898936430207 -5213647259701165298039159459801417610011156977370559006799939344870965907694649606308642377955877020 -674356168138702930350828190072435086042400842877364669260967305814849730137812538042326453918946613143859753 153726394503915752119570026837706464156852448545480391718173187305267505301140449910784824590758577715070 -4343430853477793770961317587733560157070990541669938593490443012882328470051628098441270410868773202 -2580943439116758335244047570991291341674170943757031462194669158197542649238344090117788437389004436829814222 4966695133992792003679812638128583660329094456942556357287137101271477406362985759148881378008737737353810016 -1114021565412655353955329481429452664024830624082027081512680990935746240562585052122346441915473 2103617468926610283568205248227635139934437597837512521594255394860363155056951481597687424197801949070276952 94280278909584878116341824524067444475096809662203287988593483504857881883415833122 3250971421778428791717199709860892993258826792070688627337323993185287213536959304975415517875937865459674 6222683962370716074255500810274469350360499727882005692045920773168319976510229525191357171109711986875935722 5383111997159639835262553000340761302798110555938593114920227601284593079948633904856091457309597183 884284077685715044426720819613319465462926571353405085659192528789142561187650328086248229264690542582985257 28058166506643339343136728071909316617211472144532595905839211 996692625182623326257220387064518740408811410292844837167665731582990833169043732298148755872759732108212099 -788275782361742730461921702760862272769452546665278095768883240911281005476100154586539 -162616313473135057272665126256872628805638326360957809872753915442175413215704957564885765533023101 -22280535656112461377142433606896312900413446293293778963358055007979779806795240845489121147520470 -622815038070417570359440512076998969287691343320142765072835430830 -4410690408324415721600332642743161413118877857748174886849690636622798599429799368583510808015913599808065324 -88705578227084359226254204153586786485923060717967111527334717472276422513111034873 25227143158241131387641047930698830936666595297607969172792250901767056158349478322415643 -2423487125812080029472700512204136669152796061273242870130343671618266884511965273410161024082246662249171 -170143557633858954106502019721738881450353 3682509387545372091424186892836595202946929151056720623700222054253866020546246994676766825624855139595617553
