0 0 0 0 0 0 0 1 0 0 0 0 0 0 0 0 0 0 0 0 0 0 0 0 0 0 0 0 0 0 0 0 0 0 0 0 0 0 0 0
0 0 0 0 0 0 1 0 0 0 0 0 0 0 0 0 0 0 0 0 0 0 0 0 0 0 0 0 0 0 0 0 0 0 0 0 0 0 0 0
0 0 0 0 0 0 0 0 0 1 0 0 0 0 0 0 0 0 0 0 0 0 0 0 0 0 0 0 0 0 0 0 0 0 0 0 0 0 0 0
0 0 -1 0 0 1 -2 0 0 4 0 0 0 0 0 0 0 0 0 0 0 0 0 0 0 0 0 0 0 0 0 0 0 0 0 0 0 0 0 0
-2 0 0 -5 -2 0 -5 1 0 1 0 0 0 0 0 0 0 0 0 0 0 0 0 0 0 1 0 0 0 0 0 0 0 0 0 0 0 0 0 0
0 0 0 5 0 0 2 0 -3 0 0 0 0 0 0 0 0 0 0 0 0 0 0 0 0 1 0 0 0 1 0 0 0 0 0 0 0 0 0 0
-5 1 -1 -20 -14 1 -43 -5 -16 -1 -5 0 0 0 0 0 0 0 0 0 0 0 0 0 0 10 0 0 0 15 0 0 0 0 0 0 0 0 0 0
16 6 4 0 13 6 22 0 -3 3 17 0 0 0 0 0 0 0 0 0 0 0 0 -10 0 -9 0 1 0 -9 0 0 0 0 0 0 0 0 0 0
-88 -257 -51 461 157 -39 184 62 -112 56 -64 0 1 0 0 0 0 0 0 0 0 0 0 201 0 -229 87 -196 0 -379 0 -214 0 0 0 0 22 0 0 0
-498233 105383 122634 -100519 146025 197565 87353 -25235 116936 -109392 -174379 0 -28 0 0 0 0 0 0 0 0 0 77 -363845 1 -38260 585 321269 0 -13582 0 -418 0 0 -26 0 45519 0 0 0
-307016886160 64987365632 75622866465 -62043182841 89984031218 121786059482 53786893728 -15566509579 72085945129 -67430023165 -107502946422 1 1103620 -311 769 0 0 0 0 0 0 0 267418 -224338217910 13054 -23563293105 339174779 198043534852 0 -8337061923 -1228 -224281734 0 0 -338165 0 28060339076 0 0 0
80477790501922 -17034916944531 -19822847787926 16263207470463 -23587349971827 -31923527764214 -14099095152460 4080408743892 -18895773082744 17675281287283 28179558878154 -15221 -288952353 -10482212 -147311 6207 0 0 0 0 0 194 -86120070 58805280174309 8869808 6176619721366 -88923293485 -51912692725941 0 2185423217934 27743612 58822117456 0 0 82598747 0 -7355400765719 0 0 -118
-2723986378810290528 576593451863684832 670957778036312000 -550472437170361467 798377080112937138 1080537660458013605 477221315458167459 -138112491085266420 639577927113478645 -598267547170833447 -953812622204376662 173906032 9783814432447 248758832066 5531316268 -69555418 0 0 0 -912 0 -3873142 2753771527686 -1990423201238946720 -176856515270 -209064082203292655 3009686463015357 1757125206092019918 0 -73971061325868549 -663569118133 -1990675507076990 1232 0 -2856129661975 0 248963301174087624 29 1 -7094
-301190291404497815170214 63753751171611361539803 74187584144758647419503 -60865559039378850117671 88276295094743238561273 119474699050912962214789 52766206242859526804548 -15271053394486788753737 70717924194332903352715 -66150248867677852151325 -105462752626712567859303 19228626956545 1081793192998958546 27505154760802160 611595948200998 -7690652107498 0 0 0 -17913592 0 -428272786875 304483582295301897 -220080448516041564611518 -19554934099816619 -23116147837864680015472 332780057112245109726 194284764775137001342677 -2287 -8178956285986879906729 -73370547964270626 -220108345804881706646 16016052 -902 -315801347779020796 0 27527791553217621794277 -172877 -5469 -796008727
225581434838652046787785765457 -47749423125740661736120596038 -55564014366294332533071302211 45586264007162939676114640266 -66115986730026000276899845127 -89482545779092180761374478235 -39520120186313327310723602250 11437507232261854144632370899 -52965355337912505843070358834 49544319589186632131838247368 78988067472656813105228401921 -14401597181067962621 -810226848738913894191597 -20600439165129343445637 -458064869532175829103 5760040681811326915 0 0 5963 13383320028134 1 320761984070978463 -228047999345876253728785 164832880650552635773214352473 14645990315458871717870 17313220067258931886722987000 -249241110724414241455604378 -145512777987939256636973025297 8797511423 6125764166805993531001423194 54952081637192871327808 164853774784994226746452037 -11976052829420 925252727 236524626422897038841669 -318746683 -20617393368016857064080483633 127843833233 -4518506141 596179557930450
-516165060147406026856436291362202323431522 109258033035078534215002600157091059409306 127139021160687556610586760283051627668156 -104308391867365903513358708850104409603204 151283558824857468505833352551756355847624 204749844140516680428626647062516374542402 90428120681081438570911532360416384336324 -26170777806690660781583256864537748696306 121192889136805814617497367787891613017221 -113365032539162800787759945616975536542053 -180736861732938228756488318309250677056433 32953072068902560055316677666905 1853923796572494154517452345554786966 47136977070511904021618607954662554 1048122958799871435581783806524378 -13179860083304174218194501203208 0 0 12109162974426 -30651303216215708683436274 -447912845112 -733952797112348992850036654446 521808939570925978647268472247905866 -377163013508257775164672317142631750363856 -33512281178747732308245683870931745 -39615313572918066233369748211495579384981 570302041922429560381235402275955171395 332955643517750074462050034698947235282967 -13836902614594854722323 -14016691718756944754034559920353395973594 -125738824854178241169898711106945359 -377210822505353846956652282556849664427 27419099114262382975802305 -2015180978035289761476 -541204767629876924689152908093468658 689956530653070887843 47175770893987197020538661066361074047557 -293778311681003975275301 3232790801460290086452 -1364153445994192878622360911
-41155571511147140951405349938208218159458154902371363248 8711509435486242179022862098378606323703068408111253228 10137220593237440177630896790744970165675184698108690176 -8316857943627918789906466573816983502135655297640559817 12062345564225510037544844791068211036635686690124877981 16325391823334195683806578339402720058490971635614666038 7210137366225589053598293498924394576944369439993981484 -2086683893749046545527638569491390382887402500745450958 9663115543093788125371958715308065807843684968202255165 -9038974281205004284842561587974560701764142707522838739 -14410756194202722936997129711142604228158831484339469046 2627458963720637755065612993379920509358533573 147819562533479491195059320116748460713784564017376 3758389283634863591254399743492692616267707034127 83570359006951115285109866718531390398862616122 -1050874450917760458669671598629932050795901976 0 0 2440553021482186357130391107 -2443931210876359449275742203196678963729 -732714822136594423222065940 -58520518259678474284685537617840178631235531 41605576947680628096569233264723429680725139446379 -30072472106821787488749132171453966849010185908897271170 -2672046581687932906266772335033879161789184258392 -3158661824613122075700214435807542350094877923800532543 45472094648539216635481241130243354625527262291710261 26547670221850141518325176700840084124222634629452827551 -1103263074062664271449788138218131986 -1117597844023508122375192574041744044577574120959938451 -10025578245330877522982941152739862621563288898493 -30076284078516077878483769343801148373033441566465332 2186216737518934115528027970541922560567 -160677143366766083859862794201708567 -43152071374231134154727142383880900197601582964451 55012552352734461409392795365245967 3761482445298639145311792185491826125559872859877251734 -23423930066332254213319200300377062794 257761729652874998741533499689362549 -108768529746392743315839331715039038229076
1430583282546665120702775166529495280568272292191679003543669115641883 -302815373631213657359786521792023312611069011471849748232200965730131 -352373634472438574270883704924779546783132256286252597309685414799247 289097138020472602470189422123864292370674324827812461997133683658489 -419291708968445056141035063195094285945491090500675358038482483736150 -567476814582933834292225865778083161654090417097649750021920192626091 -250627110795766595635473704916862288590532138798480020562047708895095 72533923956036468112709729911804586041878228163230205478751873580903 -335893563026395081968731502474227746024196699669195629872693441599526 314198175927619582620999876163400043112284095056117015357468871861907 500923353590129474901066434714350747742466938076593244671466778377578 -91331470589785013345163774473665210636876309505616537662639 -5138264085009247663757314783712356798375334847539591696137612449 -130643037650789906352586646182384917869964565304796380644567729 -2904937390539835928763298131585428580190114345906263442102388 36528794676831603579124564422167806041364730656420943309950 996943197 136506620 -84834549114773391596706857515231144788155 84951976259806687268604231904890561887543004366130798 25469445252207118741248822326143579959143 2034195420797094826070526126045088417266347598040542963944 -1446225642278823218193072169583102172658289572889086194460051067 1045330541679337195936141156675058879762922599524735503445056536689383 92881353109465562617113091233076166114760233434299159111926140 109796283603690551537169904687764399916811595757578989212196381226921 -1580627264742524647921077636433430167865063433063576536010345524830 -922807090642735168950439920742087916482160515821982672632103134602099 38349843096641232753083697957486403076934623506321 38848125139926208254181134701705826121058373043679490587706021952091 348492904095601791408719168866509917980367202024184931493873000 1045463047261914657166831930389849982744671598543443850549224560295 -75993723374031751568653819415789497523851980781379120 5585198473688801754226346128886715776541693022706 1499982375375714159845497178626344812938667178091333795848904714 -1912257194745283286506516605582248050653146998682 -130750557123948309741706303787910065594597673468267883347496400230204 814224697508108762924393375732920045007273195845229 -8959895532536555046962003908755709081862975630756 3780835367095403233196756804896956256015204706807255094
336758727506347462011323146647931895818044097906808929770603296518789639630171697 -71282616774238910972239707948507185361123859305436112370202646132063703071307735 -82948611380724994170182879436827717622735678198357930737773566761162855860838647 68053349646440830600271059556707768549949980388071376625565343577173848325669864 -98701099117289198610676563822944447145866929785089413153028020818408662321995642 -133583813189897648625272638843051494837707655697243029628526548725797889152502860 -58997520759453996185355661137921001787242094218128811368581762065877352489949097 17074456433598252747417702451769407416322393215248496296629358001581438589720103 -79069209211629490823071017648744086090241547105140029498930773923518964133608200 73962123842132352260819819816372580955508031643119225728115231665289966677164434 117917155324874651049377893810355948783192526955785910065087490710595473680209038 -21499391326835337139060857170649616545891882615742440921104536708428688 -1209545292448108436493936880628529381744942160803367008371635754091466160450 -30753318351746321793592174899639765425882478971441964853644058294671134445 -683821089662351811714698854434792651682604699102853864982191492274019607 8598863528456745184395736488624650849375735573006061942380263403998987 58533227752177730530 -60101307599851023460 -19970018632965480325174466908575858578355538337981647 19997660935527355836644207940297684901268008939528235156502345660 5995497136075383721957295055432506259175225178215467 478848781307860090489595935530289407925755839854705856637799165725470 -340440932675990397829096423662298856971107646680569047677135985903917901837 246070387746175552491055016794034156192676218390551851875631038481772786380485478 21864233046628695563719244226573788168507352385406671723483276107024378770 25846000860211202299411469440912358779375161035643360353756948418320353573822154 -372079020376199646168783408410710327330710113252258001569889919725046051829569 -217228416807355740420861548858638752419982285945414326348878210164958358821819247 9027537591731723669704577404173329245481328451329524495601744 9144832983676468761702353253507908361902067422095797565558181974366930695190458 82035089015796789699098241963427034859518437630071232983788393597345229633 246101579506851546215386008517667977302357475479268021585607127792680207713199 -17888891820650447995866409795244133211685501406264140213616668099 1314753467216251924605048787712644287657553055129345369158588 353095245957480062854342026695656690797739941703875435820962335672493739849 -450144572094336084414572512122560151168594451344129827043759 -30778628392346349363761534304386423855302170267898101558008979363452191336692434 191668165273787316330359080580289097974049118189708806685276610 -2109155793261825504166903574176022470675983141952280881240091 890007119940260998468706123861370804573529240048085716573898518744
-2215526228437084754045059485653466311381272537199915584338846905561547828753931867912180389 468966337604357591608602017269478463074425034232559609635031348594361145895851444774145717 545716589105971058536594799604851549853422630054810253595269465616834680572192979992136046 -447721079691534872224364079597428492717877910945892636930204799440734920740752669625463171 649351764360140830376699952836421108023255534202339996559016160395101784933144685728415328 878844162431631718772364617309818325326252446705095121809965442821453501053636747986756997 388143035291841103619228508256980758033947954956607830087599768508460400321278988319874952 -112332370255289756416994469684482984704436915884674811747245819114209619742904036991476599 520194110980664556168444928370987262301840337716489377142937232084229824672399489587892875 -486594739493625842155863901101814637688306066458941940328621612610402362745684731399710621 -775773659496397898736185943131840890493428732772149124512520631775043777738728799100363598 141443892880663816210157305416853039324815472459191485225901854734788984976625408 7957564573737374149752308033256305769236489033361356103612882663209340240765223589394 202325219376787378079598965613507359944607192608284516819073450501676434677429848984 4498839780408695306053955248663647206404939114932960905312651923708100688707669075 -56571682115314706630135933707005748633371058772252724447332132064384169625916541 -385088464611780744647386691302 395404817974096434915137778981 131382192798190729247710804999841523997350079656362636705546987 -131564050731892163848906092448668263903070988521901952931979679121161889920 -39444207595908757562870407232084729643226926954854338885120376 -3150332709410481596622804403501148514381059457435924765856319443304678267814818 2239751353030705809885510044402291229190699372329293459465364434385150034851085307110 -1618890183278351751710041076477077090974546733978580238870514190221310994282139412400833335 -143844176328150840508279893485464414946517463693948039449501073416565351681323540540 -170040115159082402909425829485267611526236893230583439171165675134406631118785622801452365 2447897445149684722326950369619902007562262306796737404578328522413225076488892872989537 1429139664953415307190375270487268906873157574676503287266237562182669686891020078179165138 -59391916761255729719348556825469162823473290868402448766687020193575148 -60163599856903169106052293269130277057470613079828719146742532490857450163274060808068154 -539706551074442499109037120696228797063990947107723182996425461130581059153501501714 -1619095392997489599409520316288557519798339962089430874550215873986014857605503483976169 117690517836921287645906480239059562692423890193015280704364307296580462713 -8649726206401879144060450756287536122441322795917190775167430557399234 -2323003725391186551729696621183231613173981102799697909862172952643297324897503743166 2961488521614608722970544497062763706763107487679132044015319110418305 202491733424418442460884139133848147023085931612560299851450887309250658031446460279914092 -1260979486604354786060668582813962441254124792915957050626685698586103766 13876076841226103178471512412744946535093176707907466523031203955869401 -5855331893918716870166309565870744911772494198907343182684513935223302764754
1 0 0 0 0 0 0 0 0 0 0 0 0 0 0 0 0 0 0 0 0 0 0 0 0 0 0 0 0 0 0 0 0 0 0 0 0 0 0 0
0 0 1 0 0 0 0 0 0 0 0 0 0 0 0 0 0 0 0 0 0 0 0 0 0 0 0 0 0 0 0 0 0 0 0 0 0 0 0 0
1 0 0 0 1 0 4 0 0 0 0 0 0 0 0 0 0 0 0 0 0 0 0 0 0 0 0 0 0 0 0 0 0 0 0 0 0 0 0 0
0 0 0 1 0 0 0 0 0 0 0 0 0 0 0 0 0 0 0 0 0 0 0 0 0 0 0 0 0 0 0 0 0 0 0 0 0 0 0 0
-1 0 0 -5 -1 0 -4 0 1 0 0 0 0 0 0 0 0 0 0 0 0 0 0 0 0 0 0 0 0 0 0 0 0 0 0 0 0 0 0 0
2 0 0 15 3 0 12 0 -4 0 1 0 0 0 0 0 0 0 0 0 0 0 0 0 0 0 0 0 0 0 0 0 0 0 0 0 0 0 0 0
-5 0 -1 -13 -10 0 -29 -3 -9 -1 -5 0 0 0 0 0 0 0 0 0 0 0 0 1 0 7 0 0 0 10 0 0 0 0 0 0 0 0 0 0
-126 -41 -26 0 -89 -39 -152 0 26 -24 -126 0 0 0 0 0 0 0 0 0 0 0 0 64 0 63 0 0 0 63 0 0 0 0 0 0 1 0 0 0
-1237 263 305 -252 362 491 216 -63 291 -272 -433 0 0 0 0 0 0 0 0 0 0 0 0 -905 0 -94 1 799 0 -32 0 0 0 0 0 0 113 0 0 0
410602 -86915 -101139 82979 -120344 -162877 -71933 20819 -96408 90181 143775 0 -2 0 0 0 0 0 0 0 0 0 1 300032 0 31513 -453 -264864 0 11149 0 299 0 0 0 0 -37528 0 0 0
-210374674 44529739 51818055 -42512746 61658983 83450124 36856267 -10666389 49394984 -46204226 -73663392 0 753 102 0 0 0 0 0 0 0 0 338 -153720497 -110 -16146234 232565 135702719 0 -5713163 -266 -153988 0 0 -173 0 19227499 0 0 0
702381851574 -148675036752 -173006946593 141939714487 -205862105660 -278617414573 -123051860384 35612405336 -164915629654 154263718202 245941272278 -45 -2522762 -64192 -1426 18 0 0 0 0 0 1 -710137 513232056933 45660 53907324389 -776049899 -453076000652 0 19073491696 171230 513297262 0 0 736427 0 -64195366664 0 0 0
-122306945495737537 25889036905313891 30125993663809253 -24716203757040116 35847118319687977 48516123932143578 21427229546039876 -6201248673960030 28717038851668046 -26862203443079521 -42826171710902654 7808337 439293114234 11169256579 248356052 -3123011 0 0 0 -9 0 -173912 123644281500 -89369970379215657 -7940841843 -9386973997380217 135134874758980 78894894072432902 0 -3321299488168116 -29794214265 -89381298874259 9 0 -128240183134 0 11178448300631482 0 0 -323
480421948970714014344 -101692193494128996451 -118334968893095846686 97085302326759090831 -140807559033747442182 -190571440742900070964 -84166204444286821670 24358518332060682185 -112800591314469206715 105514793779415036625 168221295993556441636 -30671156424 -1725544312002274 -43872861949453 -975543122737 12267188758 0 0 0 29061 0 683128130 -485675004268276 351045438793471237087 31191641436482 36872054358642881982 -530810083123716785 -309899316187566825298 -106 13046071641741792233 117031732773328 351089937139908207 -25823 0 503727720669946 0 -43908969333594076618 297 131 1269742
415183054492174575660013 -87882902942629149427840 -102265672797699444779359 83901604522189229737189 -121686597751140998118329 -164692793566421713680231 -72736855426898757433119 21050753542122424361169 -97482835975338902564526 91186413254653358639182 145377686533415429692621 -26506166675741 -1491224036816598228 -37915146976574930 -843069252679817 10601365705764 0 0 0 24654695 0 590363020846 -419722771104476043 303375226415194447060449 26955972685981958 31865014050296874916926 -458728732395910563618 -267816541178957966345462 11134 11274480453998087999222 101139409467782742 303413682108884528381 -22054844 1621 435324019154127099 -555 -37946351216014328539189 236303 -2605 1097271856
-6697452414911904124767361325721070102 1417667590654699835175118858325560952 1649680712714281118318659979561288477 -1353443975475909183199974567632685208 1962965947556883733603284628405883466 2656712830775728874554357651570682200 1173341789268913959093959426205183649 -339576528042187909465980754697223131 1572527221791515266390989188948827072 -1470957586182130338303889349692333916 -2345134579103783356549679518039955272 427579565427403303994430621 24055418251036176354157080502385 611621524367399616913171862762 13599823357927623409334728561 -171014066155345653393065618 0 0 397172101 -397713174405283848638 -119242455 -9523337228691425079472244 6770684054929790054804620155407 -4893844102727429938208331714394592776 -434835531962805370631874451230 -514024869255315483554111001262177784 7399901858548456790521823254345211 4320235426434469573450038083189179280 -179539529362726532 -181872298318788402348656761617684571 -1631512593911928429949303190417 -4894464443986026868687332521437475 355774006546134052858 -26147796819504810 -7022352843660936691358870449607 8952468355504657 612124890067209068457438985037303781 -3811893535410449184 41946858115751155 -17700447970187606848645
-30423662873153988736184222015148018309858443832128289 6439857750723919534397236387883236257942114687461913 7493794168692702555086227068111766517120914117528956 -6148117325313162322322661597419657828529088329889962 8916915047725269546770682815898585051943337889637733 12068310531679461970522506464302210122900928363889440 5329990094774011021016026033443425860442159961150257 -1542550983384260299858045400473746604613773395100301 7143318845852794007764877564840768918420005732508315 -6681931416649286949144219091097401200645003218222542 -10652943747382766590622154598325710618122333614220446 1942311157157227270129201429056348426019442 109273480392748220619589706551941964628370841112 2778335090800800146297302285636933877495742758 61778183008035220098430620324088911396805182 -776843786705116348188620038042437005183193 0 0 1804143634105202284330702 -1806640911905268713253626918121940509 -541648868243450718226574 -43260449395350511525002534002813928464440 30756322904092280971883707111114153713584851485 -22230641430710416317614180943002707573143117241884106 -1975271910891057768462490589772922099007570425 -2334995213377186543531062945359620726226571975875440 33614590368368476242980039790556258451622711344843 19624982456590972633061041064465939947916110669121315 -815571321044362849699386217526576 -826168093064277683485508205415406583190766822157013 -7411264172622628356884215634125265978210304693 -22233459375825761986075129728362821558074142717176 1616129203111841484564684413425466600 -118778261647706288657513874939461 -31899546612110538561404314841961513510408411623 40667236175252824121735328031612 2780621665964636293473366866454173496100002831732990 -17315802583604175174288578948811584 190546642328513855133217672040646 -80405567428861532041165181488772532263
-19482088926236250829735158871469680265770490368365462842551183425 4123825651599085817974333821051747689773904080085285716160178217 4798724104920597605238325393713361762391124903982459691327130832 -3937006827878628862539967359448880055081458929347915940927642665 5710033424698821703761328713968554147994596740067777424169545314 7728060225617355183045224662798342834554712942642614250677992236 3413111085120986000779061189464488947391265077599914645961542860 -987787550658914651974578760728411659407208926694605409639247381 4574293817401092013650446705900613248684028225939394968138209520 -4278839881999973146145107628004703308387760584092522178824278997 -6821716315948247583769616773832088697393096890423868707395334120 1243777872635724294762517164703060466586391290559252404 69974337776710839449301746014576851848489191303983105656955 1779133943586605637218155267458091439125334831365565286556 39560261368984426257366884261099326159340425582644905126 -497459487290663683460282496711430796956661248108677413 -3387 3477 1155300953139203043649464212603428495 -1156900109308440665755863377675483176946987431618 -346850129845005342767259942510785768 -27702250239331202801756768477331483944866604393786035 19695111018019390631690214888838077127308224005650084644794 -14235607824281457363101242263184510010772899904499407210714837264 -1264884612412442340187170784321430383595288879120043674817 -1495236933797721152904232047899796628668748693235736987203242756 21525430435709671714188460428730371930798459920948527126408362 12567048714325151603383356394678589855981353897207080111156900429 -522259041211465162965362974742553809271331761 -529044787414470953893622487322019140133839302626346424209908797 -4745875217880835681844515150633672276428208407087326285877 -14237412322890165684413587919004128022909963747849046675855738 1034904080504233768422572228284683216708032369040 -76060817054553290287917624058366286879169719 -20427185457413948865049585805356521680709007292447117625039 26041660889216663977765347577053109104674392 1780598174269942843050616596109260563017445566422826927419955387 -11088342885254810690558911246512704468956979809 122018398833742887118474347313864980663855002 -51488488461914491216387304672624703832888989699775
-295403497169845584745858838132899082296087566115085999956879177852862980658417551821473135 62528845023418649408303133278177070514775408996966560851864850689587919773683767081433006 72762211891855903574613290310255191439740086193438277552513464670158169573633417484762603 -59696143967945053247238559535183032529517228074507899417261184711349254229790799534728101 86580235261178861564336444508532009849002966020299688339093485981314155872246373362731529 117179221675361986518082869184236025487982837840370715794131874837035210704530927920189875 51752404713445112637239426761369566312248945333461714256589978666443305611304072536617490 -14977649369648550924241366454078893271842846342287231458119711918008949805976660310931148 69359214807964452087667689771439314762394544646986254134079832573115234393670215196578725 -64879298609011682063837931174069883567687452177832658402474045323166325740241607208619777 -103436487948575266030853738838408313726128538491152745099675137773510457770174787248761763 18859185720288414086357799249081689973180079694286018283228292859400632803237280 1061008609992921827994329678547706757089060695270910827232841947506113727347497461105 26976695921005406758144815983889824956366013427840113591235517370827686533367325324 599845304145668420662757458877545866434182145688771153278023157994908719948866958 -7542890949855137254280148110520216560660081999359392188008769078881880223237210 -51345128622708492666725366618 52720642404559661024607235096 17517625709088087098576944469275381036443668310615165368406773 -17541873433585297334944350082798187604929974037048824260299399797612192598 -5259227680253896838033976183878093784025367816734169576836833 -420044361318577081144536324396476162850005608250786393232304969727314538869698 298633513782819350553790915916950180593177039781012061023865598678959331568202014456 -215852024469922796438183143872168109135172723182450685366792806678235473028719549411860820 -19179223513335329324873580002906967163136344362673545333283187325832530839651806489 -22672015357990437504133139508597642165192761430776822134435732367057272599398048964365596 326386326069568263914233110321056104656127776912751648761352288518942211929808025042741 190551955356085692601992448571398652632519308428173454954718385102974925268338738510052414 -7918922236037763270403823903217373471497966282541603679469032345453387 -8021813315473061166772552898115467125914383350508033331798637850801324199991398941781744 -71960873487530293246193763575515681934601939068148934074801753536027673390780032695 -215879385765812001679827426654590037316364550676171013004736912094628039280494303269271 15692069047308012625070031051949208589590512856493262617517661890789949706 -1153296827695550184057885805468001492504184053692878240808225668157060 -309733830099237349907752456916958839351850215188858910210176106225793484217073222302 394865136275300154900322325302863369977557329248329757309912428466536 26998897794026256665069692031541974252953450965701372818086469971426353178861053902436456 -168130598239469605731478878209060425069806533169127168442214931013394422 1850143579111366530144223373257895653040592302897660191799421870786032 -780710919307829302961323156288377532992753165387644977806944249767112707827
70896832151919133948039291894972766640770629260535076015616149639492185797046886344240545746 -15006921288172213865401897005163527274204312380735818876500975231474136286340572987485373023 -17462929088254093946362619572760340866670846014841482336140588787955798395269561213545799064 14327073103602460765622495000476871919217155145395655386035015063863690948592837310769173423 -20779254361556199250249071722501291366132578216741188657247172371936175560905556787518507973 -28123010358384802844264842832982511316056639378325938003981777534759936529418686481001617665 -12420575875300917047835953455864889651347462055299429896492581085426896345987483052740263919 3594635485238476268936133586178578750341333924429740494066713452761030740100763414936682767 -16646209870703983633888403418468698893232685962497826368232073297896631484686821798855860786 15571030091673799833652326860102876030951972839672577480424616508985472563770093284539843166 24824754597464267601883995501742587286346433390264526260387542447934886256257436234487445038 -4526204115195027843539630536873385710132838299976042596998704116874693873774422515 -254642040649773969584879165528194436698912888442518122514681991300398526655993016467980 -6474406366371595594022058606184178277516028492351524472515549985767374809867394343635 -143962858437931358622221266711093205515278737437477145853759052641427235770066282478 1810293644914566357140688134859522466485756047341502870431545936964317942197193600 12322829623407403626989854259218 -12652952897671184424801047114672 -4204229745063890192618259683996336133964136063636831079286477892 4210049198354777549497298614163088859699886118956920351923330790021789992770 1262214515630145006066873929206810734694723115997932859828583946 100810636522833688334458559169745189791076237750402830096621743860518914578198342 -71672036060646884927229352915742151659134385048023856811518851408352464536295753943480 51804480634490579048998706686022683094113342824896356384978928059397108041162850085462962203 4603013177759619291109928397009858849772677634232972486653927375549471338975951410475 5441283135713870467235792632304893132648472895316196329379810407134237499105063588421543554 -78332710335962151851204201616421364815016279704144826610266922214881821416973999199684322 -45732464661151043697924005700639468896466889716380071320972333487103249308143034999679416644 1900541144472879866150528993497610673154149771066443969095179876064665548 1925235001040393523577735544020820431263992204570994478224270207010446915956759359272953831 17270607890662805448948663015952036599438678401608980611717849128861258762014332935981 51811047344839985143695028669567876105509647115471843405723663604783449116034729191760985 -3766096190539230323201113937823485200052592261660345449984129452908557950861 276791210658756889287601523066285430812596003198264479000666210457619585 74336111707205038899646817008142774674184842739056345776356937284601760298384799815053 -94767623123495955081313400262780267672963150584134884518652167667889121 -6479734815357805138237336436081644165392698680094097981970161217964338256644842723900113435 40351339497284050192411832585628794439604210803476623944982029057855171638 -444034414087495340951251491617823525537740126987459117860213716653295252 187370601687608280730453952491129365503322818226910203234472154867069697771484
