0 1 0 0 0 0 0 0 0 0 0 0 0 0 0 0 0 0 0 0 0 0 0 0 0 0 0 0 0 0
1 0 0 0 0 1 0 0 0 0 0 0 0 0 0 0 0 0 0 0 0 0 0 0 0 0 0 0 0 0
-1 0 1 0 0 0 1 0 0 0 0 0 0 0 0 0 0 0 0 0 0 0 0 0 0 0 0 0 0 0
-3 -4 8 0 -5 0 2 0 0 1 0 0 0 0 0 0 0 0 0 0 0 0 0 0 0 0 0 0 0 0
0 0 -5 0 2 0 -4 -2 0 0 0 0 0 0 0 0 0 0 0 0 0 0 0 0 0 0 0 1 0 0
-7 -8 38 0 -16 0 14 5 0 2 4 0 0 0 0 0 1 0 0 0 0 0 0 0 0 0 0 -4 0 0
77 1 -404 0 98 -1 -214 -96 0 21 -81 1 0 0 0 0 67 0 3 64 44 0 0 0 0 0 0 68 0 0
46924 6993 -210529 626 58787 -577 -99481 -34215 0 -1847 -62069 577 0 0 -820 1 -14511 0 -217 28175 320 0 0 0 0 0 0 -24354 0 0
-36954172122 -5925157172 166241325411 -258393 -46203315206 6900518 79331089376 27071813331 -876 1219855729 48818285677 -6899434 0 0 2558143 66 11366443164 0 433101289 -22750306073 -306572801 0 1107 0 0 0 0 19098104490 -23 0
-121704155483001217 -19513791142796719 547495995964143329 -858490254704 -152165126960589075 22726127687837 261267468549141087 89157796928737462 6981160988 4017462740525674 160777210921653705 -22726189886149 0 0 8433890806675 -3809823 37434049698548214 39249 1426364026094058 -74925411015871908 -1009650152339243 1 -63653754 0 0 -60000 0 62897337178385632 1256944 0
-7995186889023928525875 -1281931670449825878644 35966996264134218458482 -56447074934785191 -9996278658773202609296 1492753169150436125 17163606916452112251732 5857098876564274686249 495511470868329 263921634929458969811 10562037481620685550933 -1493013869990539334 863127 0 553991639013929521 19161573620313 2459178201080970447697 -159996828089333 93702900496318684520 -4922121904796925601628 -66327546764803488700 97184 197725024434197 -607 0 92513394717752 0 4131953767463023881281 46594579350510 0
314580383469006410532564364 50439165721686253638868314 -1415165353112170079951329779 2220979065901516139589 393315780780296209094427406 -58734194701233102369279 -675323056288143369441856094 -230454701832654808605529721 -19496524738424690914 -10384318750026661897210223 -415576251975268399624214894 58744452442166748109926 -34053502173 652602 -21797476954055310340896 -753946711665601801 -96759366885601825913870043 6295362878106579837 -3686854951471295842546852 193666892067137808576490917 2609738256942873649894832 -3773908611 -7779849013219311570 -5982114 1 -3640105856564940667 -646 -162576762580540853688785555 -1833347454373593561 0
-2220041983756123105731724217045613735 -355956923610300645211694656146707703 9987038807763456008019884258941837508 -15673789690817121189735684341724 -2775689750826773474088198065845116904 414496214547560064394059052851602 4765858319026077752476631650748556687 1626354154002420219271871038298183516 137589963439686264301408380727 73283729085530904418186773209640753 2932785308045143499976157182475455288 -414568604997675877835335777736865 240317475608601981399 -5309674290718466 153828135894305941924219271461127 5320717512319816045035793158 682845682998100322856424303720118237 -44427340809686824910000474590 26018700498824401449877059704404040 -1366736941799715577426748644074913308 -18417322889424604283573246570317013 26629193048579496838 54903587014602103897490871877 45308697877144818 16263919243 25688785000057223588291296160 72253984623 1147329132642855942206074274901539233 12938214008458839161060520129 -1080597983
311945807430739262698032042011319733417764 50016743268209804775044974974947572263964 -1403313499260442193515119484313675768234513 2202378611024796403246024503869457360 390021804467821556162501658348901118451041 -58242302294327920962526149459929845995 -669667300126343898165603587117660816035110 -228524669105696395244452364933214600827638 -19333243494314833574765169406130495 -10297351225062586686714216706043960781917 -412095846670101675877422666721570711706042 58252474127823360395020557480436388786 -33767842906905826068147314 746079044217994168803 -21614925487096613588735982152051559285 -747632491924003801931382098399204 -95949017852824885672719847826421167872757 6242639915048105834799416167991079 -3655977947620636023996724092524623577609 192044953192185620183502302150713328882465 2587881986688283572917117598103503429139 -3741760366613102957746464 -7714693644278191039200356577364142 -6366487446707408309979 -1579789974473482 -3609620375376608679831343008853972 -6159611950277471 -161215200113261509677401764697637670739726 -1817993373599103986015552400354101 105471730248430
-7008109680282869467606284496276566402834432519273 -1123665759643171667400734708315921321180596821303 31526549433822040958981987659764495521926203173591 -49478180170758381799287482483411589435872097 -8762148803744399234910827365052121176012239798180 1308459459265101833152062826338122472996009245 15044606392494391384200409430109127346626287624944 5133987723488331469775041270805212889438594933871 434336630454172940598820844148796525400844 231338152597727826936039870300955725022866259384 9258059648371214898545830122191586784332219671034 -1308687977562471295216738920657007849832729172 758621341018345385749407434340595 -16761256755153576858066714642 485596423918431606435724466761682299438692915 16796156188474914621446265123407997647550 2155570694686487683748585533353337050814303137061 -140245850968464743471083449355857895234018 82134440775613144758022458032727701331720380313 -4314442007092683985786778030558199660325478112171 -58138818892017202417681287638154913616990978185 84061610773154034306381349212505 173316704122996624126508404195174574739061 143028183876379862813734705681 35491233249308917864700 81092981191740030023952746179854240743494 138380561962437051503006 3621827181547674306031480692251253377339596338471 40842661310775220908146904791470013571179 -2369505972284619301259
1 0 0 0 0 0 0 0 0 0 0 0 0 0 0 0 0 0 0 0 0 0 0 0 0 0 0 0 0 0
0 0 1 0 0 0 0 0 0 0 0 0 0 0 0 0 0 0 0 0 0 0 0 0 0 0 0 0 0 0
0 0 0 0 1 0 0 0 0 0 0 0 0 0 0 0 0 0 0 0 0 0 0 0 0 0 0 0 0 0
0 0 2 0 -1 0 2 1 0 0 0 0 0 0 0 0 0 0 0 0 0 0 0 0 0 0 0 0 0 0
0 0 -2 0 2 0 -4 -2 0 0 1 0 0 0 0 0 0 0 0 0 0 0 0 0 0 0 0 0 0 0
-2 -4 12 0 -6 0 3 1 0 1 0 0 0 0 0 0 0 0 0 1 0 0 0 0 0 0 0 -3 0 0
-80 -13 359 0 -100 0 171 58 0 3 106 0 0 0 0 0 26 0 1 -49 0 0 0 0 0 0 0 43 0 0
-16633 -2667 74825 0 -20796 3 35707 12185 0 549 21973 -3 0 0 1 0 5116 0 195 -10240 -138 0 0 0 0 0 0 8596 0 0
-17865125 -2864457 80367711 -126 -22336534 3336 38351821 13087599 1 589729 23600714 -3336 0 0 1238 0 5494997 0 209378 -10998407 -148208 0 0 0 0 0 0 9232789 0 0
-471006287846 -75520172067 2118859997792 -3327545 -588893072548 87930793 1011129198550 345048903135 30807 15547945879 622222612702 -87957390 0 0 32633648 1979 144873204618 -16433 5520147804 -289968261294 -3907436020 0 20491 0 0 9502 0 243418467868 4782 0
-166319336919019925 -26667297258239698 748201018019190496 -1174236489009 -207946913719775139 31052897233418 357044777202491626 121841905003754858 10307853969 5490212039972507 219716073537775736 -31058320514371 18 0 11524373752146 398612586 51156888944108576 -3328366440 1949248278245123 -102392109503372418 -1379774325534294 2 4113216018 0 0 1924528642 0 85954690030767707 969293157 0
-23428015565310254859664 -3756399387011852065382 105392826960763771217752 -165404884921401447 -29291744553775687283077 4374162217307499303 50293915023758325335511 17162851294465120840215 1451981461918315 773360305013223835020 30949567778148260912412 -4374926150874744463 2536061 -56 1623342255904993896 56149322223952 7206043582526137467083 -468839976732566 274574320997420428130 -14423121085301843736538 -194357282646859942627 281017 579395390075772 478 0 271092735739175 0 12107719121875641060386 136536462550652 0
32855631447534040022340426191611 5268003748988023772742929234224 -147803721155276036373931920328383 231965098514198539680825061 41078970638007661210201434058716 -6134359152312616504372954357 -70532578035373849838212909393289 -24069316291335275478946324100524 -2036270107831716589382551 -1084566513405016259873626054787 -43403914836260608103088490349814 6135430498695580930491841121 -3556591481275832 78580630414 -2276587819593102485798089666 -78744246685573495375042 -10105811628916392189640225408876 657504833925440846559103 -385065165698710099210393780876 20227097313504751179152763859258 272568166517899779361037341582 -394100182283157 -812548606422015243005690 -670549050207 -166516 -380182563425588121314690 -649467 -16979959571464388754251408512716 -191479798202747932559541 11117
1247830736081838379362208729071944018030073 200074590143814928282555336403922857046211 -5613467708247788689482678380239594256256139 8809849845268861971109680590906769067 1560146614456761108908107291134990489181519 -232978078922148640806639392146510507905 -2678771184421597822844937077433884497676589 -914133478541247078470533938691937661157743 -77335918245083754261661990930076258 -41190973088221372853695786746261532820381 -1648446144931099851498567936259395400359198 233018767805203221458766549850309097656 -135076514146694152626318589 2984429797564982766959 -86462993694526082072948493506598527502 -2990643824964254241670058012757475 -383810683527788524024589127951209623909200 24971510354464014175049479339696042 -14624468560909665323863172899207438920098 768209059375846573833367683471613939040386 10351922056394852863215706169111399460734 -14967611300720383780018481 -30859949451069055289036263580438355 -25466919341894245746432 -6319400474659156 -14439031212119282338645508762476735 -24639385793696333 -644885351984021194581046872190803445907979 -7272250357375794988984900864670039 421902982771533
84851498409524786974278763314368321778502091 13604913131632327387304321019956912716949556 -381711343169757725208049135448066348966520000 599062788340354444057404644537409230209 106088729943354445891675974699194160208415327 -15842324220342273691079708703072172157552 -182154311736333784142886089022331751809456183 -62160350084090960515128272348718265921510686 -5258780982248134827427487395869904891 -2800953435765320523101528459360717768759339 -112093027844471186188281467372464574916988280 15845091032054759557330565722526372745091 -9185095617432104942118417419 202938854524910014544519 -5879414859574888492059174415246924735394 -203361403449807936538782292317099164 -26098821467706565651292442323079357862539609 1698042859385273206224654189908166185 -994452240159267368566613623604828581026615 52237605546155690478899837161757745290119598 703922473220842787004286523541499681399639 -1017785673772798414666978909 -2098452038445114365022293233669336347 -1731730276831803770267676 -429714210305463939 -981842647807535357337003256507709303 -1675458653306819285 -43851691448165494985556178665863908711063528 -494507245085257028533041856806555735 28689067545674659
