[                                                   0                                                    0                                                    0                                                    0                                                    0                                                    0                                                    0                                                    0                                                    0                                                    0                                                    0                                                    0                                                    1                                                    0                                                    0                                                    0                                                    0                                                    0                                                    0                                                    0                                                    0                                                    0                                                    0                                                    0                                                    0                                                    0                                                    0                                                    0                                                    0                                                    0]
[                                                   0                                                    0                                                    0                                                    0                                                    0                                                    0                                                    0                                                    0                                                    0                                                    0                                                    0                                                    1                                                    0                                                    0                                                    0                                                    0                                                    0                                                    0                                                    0                                                    0                                                    0                                                    0                                                    0                                                    0                                                    0                                                    0                                                    0                                                    0                                                    0                                                    0]
[                                                   0                                                    0                                                    1                                                    0                                                    0                                                    0                                                    0                                                    0                                                    0                                                    0                                                    1                                                    0                                                    4                                                    0                                                    0                                                    0                                                    0                                                    0                                                    0                                                    0                                                    0                                                    0                                                    0                                                    0                                                    0                                                    0                                                    0                                                    0                                                    0                                                    0]
[                                                   0                                                    1                                                    0                                                    0                                                    0                                                    0                                                    0                                                    0                                                    0                                                    0                                                    0                                                    0                                                   -2                                                    0                                                    0                                                    0                                                    0                                                    0                                                    0                                                    0                                                    0                                                    0                                                    0                                                    0                                                    0                                                    0                                                    0                                                    0                                                    0                                                    0]
[                                                   1                                                    3                                                    4                                                    0                                                    3                                                    0                                                    0                                                    0                                                   -2                                                    0                                                    2                                                   -2                                                    2                                                    0                                                    0                                                    0                                                    0                                                    0                                                    0                                                    0                                                    1                                                    0                                                    0                                                    0                                                    0                                                    0                                                    0                                                    0                                                    0                                                    0]
[                                                   1                                                    5                                                    9                                                    0                                                    7                                                    0                                                    0                                                    0                                                    0                                                    1                                                    6                                                   -4                                                    9                                                    0                                                    0                                                    0                                                    0                                                    0                                                    0                                                    0                                                    0                                                    0                                                    0                                                    0                                                    0                                                    1                                                    0                                                    0                                                    0                                                    0]
[                                                 -80                                                  100                                                  255                                                    0                                                  140                                                    0                                                    0                                                   30                                                  -55                                                    5                                                  -82                                                   60                                                  200                                                    0                                                    0                                                    0                                                    0                                                    0                                                    0                                                    1                                                   20                                                    0                                                    0                                                    0                                                    0                                                  140                                                    0                                                    0                                                    0                                                    0]
[                                               -1956                                                 2523                                                 6612                                                    0                                                 3664                                                    0                                                    0                                                  616                                                -1866                                                   24                                                -2460                                                 1632                                                 5061                                                    0                                                    0                                                    0                                                   65                                                    1                                                    0                                                  -62                                                  654                                                    0                                                    0                                                    0                                                   31                                                 3436                                                 -380                                                    0                                                  -65                                                    0]
[                                             -518849                                               626911                                              1531139                                                    0                                               809604                                                    0                                                    0                                               261651                                               -91991                                                63832                                              -348970                                               330895                                              1240046                                                    0                                                    0                                                    0                                                -2970                                                   22                                                    0                                                44938                                                28063                                                    0                                                    0                                                    0                                                 -262                                               930049                                               200702                                                    1                                                 1625                                                   25]
[                                        -78111696315                                          94358434353                                         230410035594                                                   15                                         121820233534                                                49781                                                    0                                          39420479908                                         -13713861154                                           9635884344                                         -52421507938                                          49776573319                                         186648148363                                                    0                                                    0                                                    0                                           -474704610                                             -1937288                                                    0                                           6791403596                                           4219593955                                                    0                                               -33095                                                    0                                            -48040451                                         140024192847                                          30340022623                                               -12625                                            291847589                                              -148972]
[                                     -32301393301489                                       39019877954990                                       95281057881513                                                  191                                       50376107862841                                             19464694                                                    6                                       16301481927456                                       -5671066120942                                        3984710817579                                      -21677774177265                                       20584018583203                                       77184281853362                                                  -18                                                    0                                                   15                                        -196304556488                                           -800919949                                                    0                                        2808436469699                                        1744923608295                                                    1                                            -12926238                                                   -6                                         -19866631219                                       57903959629901                                       12546458223046                                             -5015420                                         120688017799                                            -60298240]
[                             41318245184420248202006                             -49912177761573750289801                            -121878523140914467859251                                        -244332110501                             -64438470399285585079825                                   -24898213075743253                                          -7578114121                             -20851999195866362512067                               7254129822050855835277                              -5097032719704877262630                              27729069769489866354085                             -26329995079878564535963                             -98730078056838368128049                                          22495074151                                                 2020                                         -18740014131                                251102474747643256911                                  1024494717652537919                                                   75                              -3592404375774548732609                              -2232014600816911804856                                          -1274184634                                    16534564607560214                                           7599917164                                 25412350855784483981                             -74067702863663696987287                             -16048770163483978329661                                     6415461976842683                               -154377771377128269769                                    77130339820323836]
[                    16892283715607057217447760212575                    -20405771441867376416189877342187                    -49828025913157987421983558748151                                -99891087578933981392                    -26344606827468116242435806077358                          -10179224151344900929865449                                 -3098312274367242053                     -8524996279053063939314978650961                      2965731446652398728966870207574                     -2083837840273350710867098643325                     11336573265040466370577987161134                    -10764584631671534781251587486625                    -40364165572767551228200852055108                                  9196283774974809428                                       70091316867088                                 -7661319722370308322                       102659109219083194000671854047                          418847784035202259320753645                                        2617723688363                     -1468695334613432756425169601564                      -912522391163736843206009290555                                  -520993999727730550                            6759884289054217911320100                                  3107281407804976571                        10389420911281585243570405545                    -30281359853299494698896072318449                     -6561275235143912822012937044909                            2622855917645761457512745                       -63114808042934601527923264999                           31533468507673600173877201]
[   -669222183347382892164998144215052655545736941133     808416147107283195457890265701803980142273555149    1974038611646371233873438891699587672351667161529                3957388574275605437887128336053935996    1043695192273947675192197350023108839601788698771           403270672339349519784141587501900620856278                 122746064065967124482059360545767612     337735069984951526624376568243272459938246479773    -117493484443254001479567541341620400040868088058      82555475191384494454936083125916422076548532474    -449121411872717157443201173155390775987785083422     426460918565978620557568250054369788869641463010    1599108531941444259313727138032783772097823413823                -364329058990419916871819843476864909                     -2843332404585521681544860932276                 303518557625625601563725870851037532      -4067049451023465166089278057349815325848541637        -16593507026126472452706946221093318040318766                      -105995629725652387138344204352      58185353445965060730128226915728717731287958576      36151430869217114997709057433889638438041931574                  20640297199204032923645367515999980          -267806567736020929731329421167316976367102                -123101445602313912091586105821468418       -411598044587600080000342165766326527955186793    1199657671924474488767397807696418728268416963909     259938266034997448622127593917005131524260578776          -103909772850564854987773564700786614771419       2500421515003293574272707107978703653277451430         -1249262503430478933704991726025428842918358]
[ 324644611859068537173184214860750544380807363212870 -392168629236868755347598672432425988633210805890744 -957620674896381433265134009598111337858944439953786            -1919758354759028270533523497228612707713 -506304227543919033014210192802296651900385289886582       -195629574382765736970016311305455572385644540              -59545020050895915820555442626885776266 -163837770825276869317004309959789202498582488220481   56996954975788565019050641419499739427320399215198  -40048269270290906445846079603979352159197778466032  217872105950991877258930664372136870100261401027561 -206879333689163772554034706922659621014686649924073 -775739330809326297177597741287874277634331186899701              176738710831898042234844678147066098131                   1379321498662616611762702205365201             -147239088578220680290609159039717141317    1972955654032436013866804381240304644028831874660       8049632516561768947294512769545032355598580454                     51419260938007280600893807910335  -28226143656601956531316369051487383002451099574373  -17537325472360757298868249312359686302728153134135              -10012760245595671010307120568645753092        129914939162797648190075197454950850645493257               59717418252569535681252271041891047682     199669244015079718300574439662524051595303127171 -581962775527886066829340458113577248396490058402919 -126097968035298627002791427753156050148394861460227         50407396399657209047849704242800094485123155   -1212972899616123940354179806493561574533911813188        606026444771560854297722910207923013218769568]
[                                                   1                                                    0                                                    0                                                    0                                                    0                                                    0                                                    0                                                    0                                                    0                                                    0                                                    0                                                    0                                                    0                                                    0                                                    0                                                    0                                                    0                                                    0                                                    0                                                    0                                                    0                                                    0                                                    0                                                    0                                                    0                                                    0                                                    0                                                    0                                                    0                                                    0]
[                                                   0                                                    0                                                    1                                                    0                                                    0                                                    0                                                    0                                                    0                                                    0                                                    0                                                    0                                                    0                                                    3                                                    0                                                    0                                                    0                                                    0                                                    0                                                    0                                                    0                                                    0                                                    0                                                    0                                                    0                                                    0                                                    0                                                    0                                                    0                                                    0                                                    0]
[                                                   0                                                    0                                                    0                                                    0                                                    1                                                    0                                                    0                                                    0                                                    0                                                    0                                                    0                                                    0                                                   -2                                                    0                                                    0                                                    0                                                    0                                                    0                                                    0                                                    0                                                    0                                                    0                                                    0                                                    0                                                    0                                                    0                                                    0                                                    0                                                    0                                                    0]
[                                                   0                                                    0                                                   -1                                                    0                                                    0                                                    0                                                    0                                                    0                                                    1                                                    0                                                    0                                                    0                                                   -3                                                    0                                                    0                                                    0                                                    0                                                    0                                                    0                                                    0                                                    0                                                    0                                                    0                                                    0                                                    0                                                    0                                                    0                                                    0                                                    0                                                    0]
[                                                   2                                                    6                                                   10                                                    0                                                    8                                                    0                                                    0                                                    0                                                   -1                                                    1                                                    8                                                   -6                                                   10                                                    0                                                    0                                                    0                                                    0                                                    0                                                    0                                                    0                                                    0                                                    0                                                    0                                                    0                                                    0                                                    0                                                    0                                                    0                                                    0                                                    0]
[                                                  -7                                                  -19                                                  -33                                                    0                                                  -28                                                    0                                                    0                                                    1                                                   -4                                                   -5                                                  -32                                                   21                                                  -37                                                    0                                                    0                                                    0                                                    0                                                    0                                                    0                                                    0                                                    2                                                    0                                                    0                                                    0                                                    0                                                    0                                                    0                                                    0                                                    0                                                    0]
[                                                  33                                                  -30                                                  -42                                                    0                                                   -7                                                    0                                                    0                                                  -47                                                 -114                                                  -18                                                  -60                                                    5                                                  -53                                                    0                                                    0                                                    0                                                    1                                                    0                                                    0                                                  -20                                                   45                                                    0                                                    0                                                    0                                                    0                                                  -69                                                 -103                                                    0                                                    0                                                    0]
[                                                -436                                                  528                                                 1293                                                    0                                                  685                                                    0                                                    0                                                  217                                                  -89                                                   52                                                 -302                                                  281                                                 1045                                                    0                                                    0                                                    0                                                   -2                                                    0                                                    0                                                   36                                                   28                                                    0                                                    0                                                    0                                                    0                                                  781                                                  160                                                    0                                                    1                                                    0]
[                                              -86500                                               104492                                               255156                                                    0                                               134904                                                    0                                                    0                                                43653                                               -15190                                                10670                                               -58054                                                55123                                               206693                                                    0                                                    0                                                    0                                                 -525                                                   -2                                                    0                                                 7520                                                 4673                                                    0                                                    0                                                    0                                                  -53                                               155061                                                33595                                                    0                                                  322                                                    0]
[                                           212825177                                           -257091462                                           -627781217                                                    0                                           -331914601                                                 -128                                                    0                                           -107406072                                             37365126                                            -26254186                                            142829013                                           -135622552                                           -508546436                                                    0                                                    0                                                    0                                              1293398                                                 5277                                                    0                                            -18504031                                            -11496832                                                    0                                                   85                                                    0                                               130896                                           -381513588                                            -82665233                                                   33                                              -795181                                                  397]
[                                  -20056792216592289                                    24228477612568891                                    59162537116282293                                               118957                                    31279862099305756                                          12086125596                                                 1399                                    10122022687677283                                    -3521315435909503                                     2474212680720989                                   -13460305205205400                                    12781163334101443                                    47925768683460017                                                 1556                                                    0                                                -1438                                     -121890708062049                                        -497312437026                                                    0                                     1743832725738332                                     1083469369870010                                                  502                                          -8026246749                                                -1924                                      -12335718493542                                    35954105012597152                                     7790428830267631                                          -3114212768                                       74938392715628                                         -37440760483]
[                              -251171601183892344778                                303413698984405380237                                740893609363025452528                                           1485281937                                391718324817247696847                                      151355025285199                                             46068904                                126758288076712714178                                -44097502071248788409                                 30984613789399177845                               -168563665331285996183                                160058758397386683917                                600175338518426496171                                           -136739471                                                -1073                                            113916172                                 -1526439720808500251                                    -6227853518186337                                                  -40                                 21838051329042072342                                 13568308108215620353                                              7746695                                     -100512813381911                                            -46202290                                  -154480443828268589                                450253960235804597874                                 97559692600752178374                                      -38999281068356                                   938454957390478447                                     -468871581208088]
[                      322397018241681395151868574409                      -389453550422023398294601889178                      -950990834023773858856898776031                                 -1906467400689668633                      -502798960218620432033353863779                            -194275183252609713476380                                   -59132775392825693                      -162703482084474706948115116912                        56602351192037190845258215495                       -39771005360430043991790981147                       216363724364314803655923717649                      -205447057738836520594207824472                      -770368698724293863131846769165                                   175515105745251430                                        1369772126196                                  -146219716552210091                         1959296402120021105564779562                            7993902952584313259055207                                          51063273086                       -28030727198085246415462510104                       -17415910302178200253377385321                                    -9943439470826422                             129015506437290713812448                                    59303980039817874                          198286885269413467041519952                      -577933705671026081476138644287                      -125224961129381891236118417026                              50058413732832121628199                        -1204575193177600710676986649                             601830776279062715418847]
[          965880207802921876844004247774285014144534         -1166777156509621754427859232950210449670274         -2849105830429798860596492026094746350285992                     -5711650620066341712128853551785         -1506352530267500091626644723326283692700454                -582035638525397939582730595653596808                      -177157895863540832088602125257          -487448903662638950138166864743410405497391           169576911814101394900101416359051312846517          -119151309561016584957683849676206710572078           648211451178366189918349600100344294733375          -615505837813084232794152028478386088822494         -2307973823290428636363435868224309026648673                       525831683352380507039993079840                            4103746950014475593222216                      -438064629067004816651321375503             5869922824808981425000461119668466785755               23949206128235496544740026027530720419                             152982198458402694413976           -83978210340201164221763710511514586758580           -52176918860753040381405401670141245561379                       -29789888984497036514980458001                 386521950007721211602528108083923503                       177670813696687104190221795927              594054433236238258779449047588069296040         -1731451273260175755621795875019298282601176          -375165726213663736748434012389752921699124                 149971706693351476706904341525312893            -3608827849110065861905867240726062977366                1803045321029775694386187247927285998]
[  -5353776309815103821533181328151491935220491774224    6467327779253150841170714921252512521162751742466   15792305480415707412672196738358015328099056405660               31659101752596679016559851244085023683    8349559733831606464313931530475380914833876787034          3226164681532835733802142306493397861291470                 981968300322021456277725490220628802    2701879975996839805325165785215636342889842411326    -939947672421075401256258028907996219859601303445     660443658807610091327685520508555899270478199703   -3592970518532151720284190277918239272686736979006    3411686611254132552299490957711958611125372722214   12792865490962499838205930185800845015581086138832               -2914631842064396090552562604048999481                    -22746654321077371529372520924346                2428147936276385686507455487080188420     -32536388576995760456894754509247585089292273102       -132748027521843204523512171878083717280890278                      -847964854557971039425252224949     465482726975781706536877419324683326422236336624     289211384454459947166188527461475331145720991654                 165122341910296350045921842095451538         -2142452078899111413382682974593347071301135                -984811351998405440169964179535541890      -3292783645122321679876348623403095071433365248    9597259301404938358380063621083677697840309921986    2079505678893792261379302008283573292952164601234          -831278003163339571955996331077836197855564      20003367797250373825081497085160685814038731996         -9994097867695203645958128538325278741608846]